file3.asc
NCOLS 282 
NROWS 201 
XLLCORNER 210603.385252414 
YLLCORNER 295450.363936035 
CELLSIZE 500 
NODATA_value -9999 
[rows 140 to 159 of 201, columns 90 to 134 of 282]
2.09265304399263 2.03199117643583 1.98324931305836 1.94548743225077 1.91791310025828 1.89971663542815 1.8902307661536 1.88874005851539 1.89458541294686 1.90710190297447 1.92563374733497 1.94965669360691 1.97763058070246 2.00911800431632 2.04304408570031 2.0783326475173 2.11380737507267 2.14815051781896 2.18024538311458 2.20888378605028 2.23299879998738 2.25180042668768 2.26465808178117 2.27132303701611 2.27177005893305 2.26632224167383 2.25553924747271 2.24009455767042 2.22105456330771 2.19934749636068 2.17597184373764 2.15188745827089 2.12795077447051 2.10497432937566 2.08364081321944 2.06451261172869 2.04805726904155 2.03457695578354 2.02398391520694 2.0171122735967 2.01387907793002 2.01414337811111 2.01784109753436 2.02492075650039 2.03508087880248
2.11426856485595 2.04682810794307 1.99205792183948 1.94881683321436 1.91616034889498 1.89316172392963 1.87904249530836 1.8730046392796 1.87431429701687 1.88224335332536 1.89607831264168 1.91521616367509 1.93820979937942 1.96453026460392 1.99311600648956 2.02290493224131 2.0527563760197 2.08142295434746 2.10784537586614 2.1309080995887 2.14964534767136 2.16335793930408 2.17151625950248 2.17394409957065 2.17068617810036 2.16210125332564 2.14876386557595 2.13136060796199 2.11089037475529 2.08824763851243 2.06437284405049 2.04016575748724 2.01642371085317 1.99389598827219 1.97321149370143 1.95488916010396 1.93935891465998 1.92691206070829 1.9174712007592 1.91181674121136 1.90989001918761 1.91158716280382 1.91688181430744 1.92576218161362 1.93800215941779
2.11136377211326 2.03831621027062 1.97857571518999 1.93080983330858 1.89393258192999 1.86691305779627 1.84887619524218 1.83895689688816 1.83636293328824 1.84032039298072 1.85007636811871 1.86497057898315 1.88365985092528 1.9055464791984 1.92959836083766 1.95478274155119 1.98000624591177 2.00409687981664 2.02605365796801 2.04484685736 2.05959742790412 2.06967697565342 2.0746301130516 2.07432506244715 2.06884507482914 2.05855665185669 2.04402442958669 2.02592368800053 2.00518016964326 1.98264446008313 1.95919724627318 1.9356797233776 1.91283552020502 1.89135912114253 1.87183472600635 1.85474653440254 1.84049593012995 1.82936709041397 1.82129753064737 1.81702187139922 1.81650620112672 1.819681280142 1.82655474688431 1.83715022542176 1.85130779131825
2.08631234237828 2.0091414871695 1.94575180538209 1.89464354522941 1.85460973026574 1.82453496817078 1.80346771538451 1.79049438783014 1.78478272405296 1.785530954198 1.79196464592489 1.80338720371119 1.81856233181092 1.8368456513251 1.85724532898047 1.87876783930353 1.9003729962372 1.92096352273156 1.93959386010572 1.9553101036741 1.96730456314073 1.97500137559974 1.97799652458366 1.97618083417451 1.96965269126833 1.95876733362935 1.94406387245745 1.92619135834969 1.90600312608634 1.88430236278034 1.86191284054214 1.83962210136226 1.81812724417604 1.79807704427994 1.78001992543319 1.76441349492311 1.7516385770262 1.74197580677307 1.73538093483802 1.73255002754757 1.73347394622757 1.73811578538243 1.74651397079652 1.7587238337404 1.77464355773344
2.04334123303251 1.96361390955976 1.89795209395579 1.84472307215907 1.80262616853542 1.77048511442366 1.7472946758742 1.73211208716066 1.72408318174652 1.72239499166083 1.7262674569017 1.73498632076303 1.74741916205124 1.76289469706669 1.78046786056498 1.79919009136933 1.8180765004915 1.83610089516742 1.85236904854518 1.86599277741887 1.87622228974889 1.8825198931806 1.88451554900335 1.88210750187113 1.87539342645728 1.86470567677958 1.85054912998264 1.83353842684105 1.81445864068221 1.79406573754068 1.77313129107078 1.75239510158141 1.73251477114555 1.71410157297788 1.69767580987163 1.68367524726149 1.67246653196133 1.66432964450208 1.65924057349092 1.65786306638753 1.66021227381578 1.66628135409974 1.67613666107422 1.68986197238333 1.70740652878159
1.98758728903289 1.90674255157594 1.84005917466083 1.78581042439798 1.7426316747992 1.70930999033584 1.68480890299333 1.66817438319942 1.65854656383067 1.65511544774065 1.65710837667229 1.66380879353847 1.67418150843729 1.68754490301683 1.70300360790609 1.71965669746262 1.73657411433607 1.75279557139108 1.76747369997737 1.77977671825433 1.78900153426334 1.79463777989307 1.79633663857948 1.79399371222575 1.7876957579756 1.77774579100567 1.76461036795028 1.74886598985876 1.73123519757432 1.71242897278872 1.69317208877364 1.67416263742812 1.65602513312289 1.63934045619753 1.62460717075192 1.6122486822652 1.6026224852229 1.59601018749539 1.59240904869027 1.59245587540827 1.59618932595208 1.60363048052237 1.61487114194019 1.63002075708543 1.64907359625645
1.92319756273185 1.84250211815978 1.77588790217873 1.72157397665637 1.67816143622113 1.644423873203 1.6193144044983 1.60188365190155 1.59127997789738 1.58670802014209 1.5874128575357 1.59268782519948 1.60158682794101 1.61343116543916 1.62737594865664 1.64256842160137 1.65813140915247 1.67316484417829 1.68686384687392 1.69844485776798 1.7072424179941 1.71276543640615 1.71467713181151 1.71286400789336 1.70739560646563 1.69854248404652 1.6867316426886 1.67250045875534 1.65651509626265 1.63944478866023 1.62197293171487 1.60476158864614 1.58840785057552 1.57346825704661 1.56042491553312 1.54969131919403 1.54161977900206 1.53649535548395 1.534336963981 1.53575913213552 1.54082310145027 1.5495759067243 1.56213266471587 1.57862613082683 1.59909045722636
1.85407082058741 1.77453179606555 1.70884762921813 1.65521923871543 1.61223978877459 1.57868930897136 1.55352793918618 1.53582375901973 1.52474426188895 1.51951747589313 1.51941374446737 1.52374518230632 1.53164638514356 1.5424512616568 1.55536459206141 1.569580938403 1.58427318777919 1.59859582672346 1.61178241376189 1.6230906528808 1.6318855259534 1.63768935994797 1.64017092792328 1.6392036929004 1.63483634015486 1.62730592876017 1.61700033086212 1.60441838834703 1.59017579882377 1.57490358569258 1.55924878858299 1.54384254950584 1.5292593731584 1.51603652348869 1.50464398872406 1.49548896028705 1.48892172996639 1.48523232137605 1.48446131691622 1.48720511046914 1.49354665390181 1.50355728610903 1.51737376495616 1.53515034357897 1.55695689616035
1.78410904646722 1.70643543307062 1.64228290166945 1.5898637535657 1.54778440110824 1.51484673013192 1.49003110934823 1.47243228402415 1.46124445865439 1.455724792248 1.45517357620578 1.45892750598268 1.46619324963567 1.47632396267896 1.48857197595019 1.50217711471094 1.51635887791628 1.53032079097827 1.54333108964516 1.55468286673476 1.56376590578636 1.57011180184995 1.57339050478299 1.57346035167737 1.57034743964595 1.56425579175494 1.55553564051215 1.54464890047915 1.53216631295448 1.51868427782547 1.50481802840146 1.49117228326062 1.47830305166223 1.4667325170408 1.45692207100078 1.44927549400098 1.44414353903678 1.44182239017769 1.44237401425588 1.44638026514805 1.45394493217398 1.46516219604906 1.48018905357151 1.49919976464837 1.52229644247442
1.71561570273628 1.64027505931861 1.57804901862054 1.52718379862191 1.48631494728178 1.45427734167323 1.43008092757709 1.41285325077244 1.40182008836717 1.39627113220771 1.3955392047194 1.39898904743485 1.40589141831608 1.41562294464971 1.42748085967977 1.44074769508807 1.45468606181168 1.46854357060681 1.48161987696646 1.49323869724783 1.50281031518137 1.50987272881757 1.51409417886298 1.51531693320545 1.51354396538474 1.50894724464863 1.50184126605305 1.49265291158952 1.48191269184873 1.47018558685168 1.45805885404456 1.44611452437293 1.43489342109153 1.42490602306914 1.41660793657176 1.41040183522528 1.4066408995393 1.40562847011297 1.40744750182918 1.41266851054426 1.42141538521343 1.43380397676063 1.45001047491669 1.47022806137732 1.49458833021354
1.65047593886715 1.57772916909803 1.51764949312576 1.46853291700355 1.42905509246633 1.39809117021394 1.37468664528231 1.35800539383252 1.34730737609638 1.34191633435133 1.34119854231516 1.34454840135079 1.35129345830309 1.36083611123127 1.3725153264637 1.38565341172795 1.39955244758027 1.41349945136295 1.42682235951048 1.43887130294789 1.44907343630352 1.45697088347433 1.46222805351835 1.46467071917514 1.46427872381455 1.46119333090379 1.45569532050707 1.44817862883859 1.43913773097716 1.42910922205658 1.41865583815611 1.40834026991886 1.39869107816271 1.39020998679539 1.38334927064628 1.37851251612079 1.37605704578085 1.37629430817113 1.37932787006013 1.38571986568844 1.39561370512782 1.40914600786222 1.42651141351382 1.44792127165643 1.47353448736129
1.58996750939975 1.51990894364301 1.46205571764024 1.41476338487393 1.37675422711181 1.34694757078977 1.32442754944857 1.3083957362152 1.29814706207831 1.29303935809406 1.29247200058618 1.29586926711804 1.30260891712165 1.31211992774864 1.32377970150554 1.33694719089654 1.35096036728066 1.36514136973068 1.37884350161074 1.39143966912367 1.40237088557543 1.41118161797583 1.41753091602141 1.42122797665488 1.42222985219732 1.42064853886129 1.4167330852584 1.4108465384639 1.40345095242958 1.39505727130215 1.38620672243603 1.3774455691443 1.3692926347207 1.36224342707921 1.35674901278829 1.3532156518246 1.35200632862399 1.35344150604053 1.35764504902219 1.36517343507198 1.37618920357388 1.39084909267232 1.40936572613838 1.43196816678907 1.45884098184415
1.53455541163183 1.46718739309459 1.41156460754574 1.3661078436973 1.32958967308143 1.3009754216221 1.27938920260182 1.26407042861059 1.25434878743082 1.24961547219111 1.24930198085756 1.25286192122405 1.2597175962973 1.26932448424074 1.28109523433875 1.29442238924196 1.30867643959883 1.32321077030625 1.33740133020795 1.35064056979627 1.36238072146705 1.37216702355316 1.37965188875293 1.38462788391449 1.38702961947166 1.38694113162006 1.38458147728952 1.38028468917568 1.37448346925985 1.36766555466434 1.36035332643488 1.35307922345629 1.34635460888562 1.34067107327894 1.33648043295032 1.33419329516644 1.33417973158638 1.3367702035432 1.3421087099995 1.35074868181069 1.36287160330241 1.37865395362107 1.39832614879098 1.42213479368514 1.4502889325349
1.48491222231741 1.42014528684089 1.36667975692539 1.32300386586341 1.28794164320764 1.26050439287431 1.23985598676353 1.22527268047317 1.21611777253089 1.21181433974835 1.21182439176275 1.21562960386304 1.22269173665526 1.23249189893395 1.24447478457884 1.2580634486535 1.27265762249592 1.28763832726794 1.30240154742279 1.3163563541554 1.32896385940527 1.33976869467295 1.3484156033578 1.35468055301444 1.35847617864655 1.35985974878656 1.35902199980773 1.35626973458956 1.35200899712215 1.3467065581394 1.34086835163473 1.335015346039 1.32965351478327 1.32527261664751 1.32232701631568 1.32123322105157 1.32236974800679 1.3260780367153 1.33252215565816 1.34225493561752 1.35547676131387 1.37238365444778 1.39322380594369 1.41826136843839 1.44772900329127
1.4414556951043 1.37911285521123 1.32765853364287 1.28564707667003 1.25195257803749 1.2256304178892 1.20588247661268 1.19201977063262 1.18343716204674 1.17958749124331 1.17996114829178 1.18406606493869 1.19139886327778 1.201464860106 1.21373766027795 1.22766782174147 1.24268119376292 1.2581831032261 1.27358708781677 1.28831617194283 1.30183821771287 1.31369595540123 1.32352551422279 1.33108622104255 1.33626909035208 1.3391056416116 1.33975967748808 1.33851231666663 1.33574520626129 1.33190611084292 1.32748662116175 1.32299833302196 1.31894370959037 1.31581259157792 1.31406358397565 1.31412059505078 1.3163719305936 1.32117105562972 1.32870220550926 1.33951999987696 1.35384388098828 1.37188946135008 1.39392293738423 1.42022627469389 1.45105529027554
1.40394537219813 1.34384364146755 1.29425031994208 1.25378354734862 1.22136546712839 1.19609328914947 1.17720488201816 1.16404383987255 1.15603451370683 1.15265740075514 1.15342919119935 1.15788222983579 1.16554410904476 1.17594279514546 1.18857796574435 1.20292492695591 1.21843280442977 1.23452823527975 1.25063999890127 1.26620263846247 1.2806887931699 1.29363801946484 1.30467688529935 1.31354789017826 1.32012061541768 1.32440158050062 1.32652875642754 1.32675886541635 1.32545103837515 1.32303574855261 1.31999211325433 1.31682426689319 1.31403292287893 1.3121098211088 1.3115194583635 1.31269464730809 1.3160348533602 1.32190669790005 1.33051485724889 1.34241804652345 1.35785509429261 1.37706143726331 1.40032166912092 1.42793598421309 1.46018314029096
1.37213568230503 1.31408686498287 1.26620102602418 1.22715684315907 1.19592188370253 1.17163258383281 1.15356051418128 1.14107955503895 1.13364141886324 1.13075216723506 1.13195275619558 1.13679809365874 1.144843406853 1.155637684796 1.16870410041218 1.18354018765312 1.19961576304258 1.21637607540694 1.23326299945888 1.24972037269621 1.26522378030944 1.27930835934005 1.29159016675364 1.30179456216583 1.30976971363622 1.31549766344716 1.31909137945703 1.3207842234804 1.32091434769444 1.31989640840078 1.31819869412738 1.31631960726136 1.31475975384484 1.31401449734644 1.31455583783825 1.31682699668988 1.32123999724475 1.32817582197498 1.33786000952028 1.35085761909933 1.3674273578692 1.38782486437294 1.41235365144766 1.44133267050912 1.47506358904957
1.34581317621491 1.28962647465711 1.24329314315194 1.20554852520375 1.17540258714171 1.15202817441338 1.13472812501215 1.12290428061864 1.11603359548836 1.11364566092462 1.11530374652004 1.12058351556751 1.12906495809243 1.14031645245837 1.1538823245348 1.16928002356244 1.1859976771192 1.20349669282059 1.22122999366948 1.23864861291137 1.25522930376881 1.27050148448767 1.28406966073645 1.29564154546533 1.3050436963572 1.31223391349336 1.31730070487109 1.32045484604378 1.32201473834548 1.32238048291163 1.32201100414634 1.32140057200455 1.32105126311904 1.32146375355341 1.32311917113368 1.32647269845336 1.33195038498914 1.33994888313087 1.35071518796218 1.36482294437261 1.38255137477912 1.40417685795604 1.43002250463967 1.46042666757692 1.49571408350667
1.32461816807422 1.27012351597012 1.22520545434832 1.18865243649594 1.15951409198401 1.13699716559842 1.12043359269441 1.10925113225391 1.10295011870908 1.10108189302119 1.10323032694874 1.10899021763473 1.11796392871026 1.12973770922479 1.14387497714856 1.15991103247901 1.1773501885846 1.19566775884552 1.21432581700748 1.23278061821527 1.25050835642191 1.26703138149618 1.28194151233135 1.2949281182365 1.30579572554058 1.31447785246309 1.32103880546354 1.3256672852836 1.32866287982279 1.33041218938658 1.331366069372 1.33201613836457 1.33286746725279 1.33442771142703 1.33718877470848 1.34161941008493 1.34816123795456 1.35722799233508 1.3690888836947 1.38432837042344 1.40324696652743 1.42614248024133 1.45335836335736 1.48525311791584 1.52217483249176
1.30837107571291 1.25539823497688 1.21175874773916 1.17629024375401 1.14807903106458 1.12636311883127 1.11050129771102 1.09994520392292 1.09421672797117 1.09288725466179 1.09555964163423 1.10184627578499 1.11136982534141 1.12373294914462 1.13851628813699 1.15527110010742 1.17351591344641 1.19273787659481 1.21240637018217 1.23198095304004 1.25093551809173 1.26878389159306 1.28510391795682 1.29956569125923 1.31195101989653 1.32216879658743 1.33025907875488 1.33638872553239 1.34083916594798 1.34398435108657 1.34626820754449 1.34818108470383 1.35023253798392 1.3529388709029 1.35680445741145 1.36231330563066 1.36992424376609 1.38006960937432 1.39304174889562 1.4094381596128 1.42958154860371 1.45379194427855 1.48243398282507 1.51588709835647 1.55452308849178
