file4.asc
NCOLS 282 
NROWS 201 
XLLCORNER 210603.385252414 
YLLCORNER 295450.363936035 
CELLSIZE 500 
NODATA_value -9999 
[rows 108 to 134 of 201, columns 60 to 119 of 282]
0.966957508147721 0.976629163961512 0.986138677485013 0.995023993252062 -9999 -9999 -9999 -9999 -9999 -9999 0.99956094207085 0.987780185387592 0.972613332235832 0.95440770727752 0.933572065379511 0.910578370654061 0.885974742910489 0.860338883406573 0.834239453206698 0.80820443886217 0.782711626408283 0.758184105559328 0.734939245604042 0.713250872235257 0.693339461781137 0.675354680501839 0.659393618512139 0.64553867849586 0.633787522773955 0.624168024500141 0.616672599246784 0.6112645343113 0.607902053788726 0.606535871880559 0.607108455203791 0.609529038204074 0.613723255091154 0.619585646685009 0.626985631970647 0.635798712398544 0.645885010123181 0.65711575308495 0.6691718539054 0.681960812230192 0.695238383308149 0.708840819468768 0.722610190743593 0.736344865509005 0.749957751773182 0.763381290891628 0.776592544448829 0.789631499035434 0.802598149164099 0.815657581255207 0.829019288695357 0.842933612931311 0.85765629127909 0.873479995199622 0.890844836595576 0.91009556433382
0.939604180661749 0.950426280004624 0.961212789284499 0.971486634417004 0.980728745193847 0.988382540118392 0.993914344292404 0.99680100962732 0.996584603035784 0.992874378731171 0.985512737460533 0.974425665225195 0.959672092570972 0.94159245638515 0.920613862826409 0.897244619323251 0.872077524952236 0.845740854706582 0.818853772681973 0.791990268778339 0.765667136328747 0.740337643491878 0.716340552771943 0.693963444552092 0.673432952942362 0.654900106553449 0.638459882729288 0.624189627962872 0.612083071548536 0.602161336642534 0.594411965569389 0.588796510596881 0.585270940625043 0.583787607541234 0.584292766300591 0.586702206595356 0.590951044385347 0.59694530385665 0.604570139761703 0.613717200730073 0.624264496969225 0.63610524201595 0.648930846028801 0.662668087730407 0.677087737219484 0.692031513766048 0.707342588551387 0.722814274815315 0.738347195121729 0.753854590672569 0.769290254008516 0.784668057799541 0.800059195756588 0.815602641261472 0.831482447797044 0.847931171833151 0.86519344030906 0.883547648092388 0.903443641939732 0.925228946382947
0.914366763565507 0.926163539704194 0.938055758614098 0.949557805344153 0.960132584329346 0.969193359211986 0.976165289816929 0.980474535119529 0.981606495032895 0.979112620956177 0.97278089791798 0.962495199626918 0.948291349983993 0.930496182800337 0.909548150971959 0.885985479836611 0.860440133377944 0.83358653203575 0.80609089148796 0.778570667693123 0.751579931573114 0.725601017101136 0.700993550908189 0.678058738320561 0.657029632199799 0.638059187039706 0.621241006092869 0.606648325118777 0.594271708986635 0.584126446087897 0.576195946524436 0.57044052808238 0.566814340829066 0.565271443128201 0.565761718365345 0.568206954907509 0.572551086834395 0.578710706470612 0.586585537542432 0.596082410891897 0.607096468609642 0.61954248277272 0.633121632900737 0.647781263582356 0.663308161967726 0.679552262339241 0.69636117963668 0.713526944948937 0.730942480624645 0.748506444745532 0.766153588801552 0.783875441235943 0.80171738753977 0.819794473441838 0.838266305677198 0.857347947846444 0.877272455765502 0.898302436777359 0.920897806977745 0.945407592180732
0.891485365665904 0.904121160394125 0.916985657009966 0.92959015896828 0.941385762024139 0.951762125670773 0.960109453370932 0.965808351598306 0.968290791551908 0.967051418682515 0.961821806677532 0.952439572397608 0.938911347668037 0.921543615819471 0.900779020605313 0.87717917174709 0.851409801752293 0.824187394292606 0.796222452469741 0.768174146727301 0.740633079099266 0.714110558863464 0.688987503151653 0.66557950985802 0.644127073221473 0.624786239553251 0.607650427916138 0.592790037057936 0.5801934430965 0.569871124298914 0.561803173708227 0.555949218561431 0.552262011788784 0.550697427807941 0.551208858652179 0.553723592470072 0.558193806462537 0.564545827636131 0.572692886555527 0.582556088938984 0.594046957917256 0.607101396487502 0.621429303161866 0.63699965980354 0.653615915313347 0.671138429700324 0.689422044968059 0.708260716415237 0.727543757424856 0.747159448105455 0.76702748355301 0.787120748793886 0.807461847377801 0.828144262254152 0.84930437079554 0.871140310485572 0.893873354961999 0.917748940453943 0.943237571465386 0.970688555563467
0.871172263734813 0.884552464459426 0.89829621072559 0.911916230321001 0.92485708576762 0.936490487663439 0.946177187413419 0.953256825214572 0.957110804867183 0.957177657819018 0.953130431653797 0.944756112737912 0.932025750685936 0.915218592741941 0.894774217321884 0.871271147367005 0.845403846691494 0.817927441712978 0.789594876811231 0.761106395377689 0.733089560094759 0.706085743255253 0.680498606964751 0.656659827559432 0.63481909557626 0.615137257868107 0.597709112720423 0.582603742619918 0.569808437770448 0.559329920967893 0.5511457908538 0.545215520624852 0.541490830238727 0.539929520902421 0.540488380661586 0.543099722441933 0.547723457819479 0.554294874153034 0.562739732552985 0.572992558990257 0.584980521127618 0.598660254702402 0.613748978844908 0.630238246592196 0.647948479561 0.666752171645838 0.686513677952536 0.707031498460918 0.728194931013387 0.749885636123894 0.772011938031474 0.794531654969631 0.817447620599529 0.840834277936019 0.864806207668995 0.889545484111414 0.915261691456232 0.942181795754507 0.970787860894598 -9999
0.853532337721586 0.867593370017191 0.882153361697168 0.896730090690308 0.910765988685747 0.923619651562659 0.934627266424167 0.943091678526213 0.948346418456421 0.949774600305288 0.94698886097935 0.939721386311031 0.927901415869657 0.911774267652203 0.891769369249692 0.868475904233921 0.842612383354235 0.814969668091544 0.786341961779774 0.757470688404625 0.729021589330216 0.701567944536258 0.675538258772553 0.651282524256141 0.629061786742864 0.609043680473475 0.591326111418621 0.575978446759205 0.562988012694369 0.552358788311485 0.54406665272355 0.538071434949159 0.534324128878081 0.532784575495446 0.533412870644879 0.53614592311433 0.540950959132193 0.547771545760836 0.55654512865561 0.567218905833463 0.579735039751596 0.594070615218033 0.609948542840891 0.627383871550826 0.646214137917476 0.666325363204725 0.687593219235628 0.709823013227866 0.732907180348533 0.756724117849845 0.781174162625796 0.80620347533191 0.831798036817286 0.858015825922834 0.884951145202073 0.912771068749271 0.941673644825284 0.971866059114924 -9999 -9999
0.838718414362839 0.853428240238799 0.868773797566295 0.884280789818315 0.899393076801059 0.913460043083557 0.925797316769157 0.935674273612591 0.942378523983162 0.945237789135536 0.943801947001421 0.937743761230339 0.926944062178001 0.911607374398826 0.89214591549651 0.869153562963933 0.843368787121196 0.815616171901153 0.786731120649849 0.757497562340118 0.72862186173865 0.700712180199647 0.674224885643732 0.649531281133806 0.626906457830579 0.606527167541863 0.588496334483636 0.572885278574064 0.559682472189819 0.548890059196171 0.540482872881619 0.534421525642371 0.530656478339301 0.529149671827611 0.52986438577772 0.532741683959751 0.537755723879485 0.544857709591541 0.553996000005786 0.565129773670539 0.578215580464951 0.593250751701934 0.609961992988244 0.628388724267249 0.648385453976092 0.669852760255852 0.692679095608303 0.716678162978348 0.741748241341934 0.767767300692944 0.794630634332549 0.822275847184583 0.850674747477316 0.87987135580193 0.909941186072247 0.941037399737207 0.973346831356306 -9999 -9999 -9999
0.826668964051933 0.841991170312465 0.858084242046342 0.874484282451616 0.890639954709858 0.905895457422611 0.919550433182088 0.930845157733459 0.939024776532228 0.943363466041507 0.943347867452716 0.938588352358913 0.928911903035921 0.914475762412047 0.895667559900716 0.873078979948179 0.847463040334611 0.81967456006072 0.790588707184191 0.761032085633745 0.731753288454849 0.703397796450906 0.676452601840415 0.651313271663755 0.62827171256276 0.607516314752945 0.589157170852947 0.573269480256821 0.559844260670581 0.548882944325244 0.540360239879294 0.534238239349062 0.530467279999786 0.529011703832189 0.529838077798099 0.532891421384877 0.538152708371641 0.54558035968079 0.555133117580307 0.566781705564388 0.580496662449031 0.596295640422819 0.613907066936547 0.633395833647252 0.654633271112638 0.677535395498778 0.702004665971407 0.727864536347626 0.755021533247442 0.783355712156907 0.812759988756186 0.843166343180391 0.874534955213414 0.906898417864175 0.940315010682951 0.974925143716538 -9999 -9999 -9999 -9999
0.817516538819845 0.83345135777034 0.850292739414888 0.867589022963747 0.88479620476471 0.901256241642386 0.916256179603758 0.929010278999653 0.938723404850116 0.944616815008414 0.946112477709431 0.94275457814813 0.934310224881693 0.920882639090585 0.902827569086265 0.880728062076816 0.855347076647457 0.827567311403042 0.798303639537137 0.768426952788665 0.73873110915624 0.709902641758199 0.682462969808341 0.656835724529699 0.633332973187101 0.612157631297458 0.593429293174684 0.577229025961305 0.563551760525118 0.552399206420747 0.543746740433913 0.537558530134229 0.533785058443815 0.532393293916338 0.533353146784104 0.536613387151419 0.542161654904272 0.549963264057507 0.559986902781804 0.572214440754688 0.586630136438713 0.603272224452907 0.621868527557264 0.642510678908097 0.665086598191048 0.689528445217306 0.715753655938509 0.743596415152989 0.772973529133001 0.803769183619435 0.835876112150212 0.869223215420927 0.903761115321622 0.939513226097273 0.976521766876401 -9999 -9999 -9999 -9999 -9999
0.811369290822922 0.827941908626417 0.845559028510861 0.863782652257137 0.882078103504803 0.899787348580331 0.916187491715367 0.93046907557877 0.941798105299732 0.949342812291363 0.952458460077304 0.950618687661697 0.943524217553717 0.931217110736588 0.914013712924528 0.892481979291851 0.867390451438035 0.839647892022232 0.810209641738613 0.7799934481182 0.749842515216888 0.720489168291559 0.692493916027838 0.666312996380706 0.642282512398536 0.620623169179246 0.601466623275413 0.584901923295856 0.570929332701748 0.559551759697462 0.550745988571782 0.544478826463775 0.540701117439691 0.539382666143534 0.540496806025837 0.543995750795353 0.549873814364271 0.558102821840386 0.568661059443256 0.581541322638019 0.596741385264862 0.614320523165585 0.634003332401635 0.655909658943079 0.679943695963328 0.706054271044661 0.734174555769505 0.764150049895135 0.795909491434804 0.829342731898463 0.864343974269569 0.900841032537301 0.938776565858507 0.978166528957472 -9999 -9999 -9999 -9999 -9999 -9999
0.808280935561388 0.825534596394389 0.843974051465814 0.863176134675861 0.88261716630881 0.901640951352722 0.919516899413432 0.935413724101884 0.948459634424966 0.957769414092241 0.962629346691935 0.962437891027451 0.956822554285132 0.945756674502117 0.929509252285058 0.908626344104621 0.88387751114178 0.856195794135933 0.826578099858099 0.795992120528696 0.765335189452257 0.735390922700715 0.706764283913209 0.679949339389685 0.655310604172163 0.633090241934526 0.613434813440646 0.596443657725072 0.582123927862202 0.570480633477999 0.56149275588311 0.555130350034009 0.551344822750042 0.550109068908976 0.551399930263544 0.555172847669192 0.561428832563989 0.570145978549765 0.581311978900505 0.59493031705071 0.611012263566766 0.629638823218206 0.650528422512134 0.673830842287456 0.699466163692504 0.727400311373362 0.757582637014511 0.789870188170663 0.824204894844427 0.8604832496577 0.898601947082435 0.93848911269288 0.980080250561245 -9999 -9999 -9999 -9999 -9999 -9999 -9999
0.808327786467748 0.826322324278772 0.845648595703689 0.865899258938077 0.886563062154928 0.906987135707252 0.926435106952216 0.944055392612438 0.958939139432046 0.970146950363428 0.976893576212499 0.978497330553378 0.974505273296344 0.964813910635677 0.949636385656974 0.929489535075125 0.905139009290239 0.877540226780607 0.847733008802464 0.816738550912887 0.78551380282751 0.754899967677672 0.725552596907376 0.698009557861016 0.672668726833541 0.649797870702029 0.629561637460979 0.612072212835221 0.597345380295684 0.585389200286935 0.576185604685646 0.569708637003775 0.565910467069585 0.564767363024623 0.566259807510809 0.570346285242863 0.57703463058498 0.586309014167926 0.598166411709484 0.612620928439432 0.629697403534371 0.64949949447202 0.671736135850102 0.696589041831505 0.723993708891263 0.753933413697297 0.786373912614768 0.821183578946188 0.85831834615644 0.897681658412625 0.939172923153173 0.982721214863878 -9999 -9999 -9999 -9999 -9999 -9999 -9999 -9999
0.811544094660167 0.830355033863415 0.850649466006544 0.872036782252563 0.894019465430937 0.915949241634345 0.937085674253432 0.956558205549513 0.973421468551612 0.986680980099598 0.995477231127564 0.99904316954766 0.996837792323067 0.988672054574585 0.974694010953916 0.955383222423025 0.931495863493029 0.904007426974113 0.874002009599023 0.842558140988962 0.810698455168861 0.779328779417908 0.749162146582048 0.720787000882767 0.694640151577593 0.671019663091734 0.65011186785306 0.632044672341105 0.616844470455089 0.604523378348159 0.595067170046717 0.5884546541779 0.584639035079275 0.583600294717579 0.585322739434474 0.589767741857269 0.596950162091619 0.606860100358088 0.619503766487756 0.634905883594218 0.653105005566069 0.67422855138898 0.697972135008345 0.724551611368636 0.753917206720742 0.78606951222701 0.820990472387099 0.858558907860641 0.898744866855883 0.941458069255607 0.98659974719436 -9999 -9999 -9999 -9999 -9999 -9999 -9999 -9999 -9999
0.818159454437351 0.837877630275035 0.859238703575442 0.881869518488019 0.905287571634008 0.928850083915347 0.951813956908239 0.973290588537171 0.992298225081683 -9999 -9999 -9999 -9999 -9999 -9999 0.986819505356764 0.963463386089166 0.936110845704059 0.905891889892635 0.873946755708684 0.841370701024401 0.809142232596921 0.778039702747182 0.748709973122274 0.721635107760323 0.697148783348902 0.675463069102143 0.656724796477733 0.640973230212466 0.628225466302513 0.618472053992383 0.61169744452391 0.607856119253143 0.606932107109704 0.60891370458004 0.613764970320145 0.621508000757265 0.632138643857687 0.64567229025113 0.662144251875702 0.681606924783143 0.704212688935612 0.729639335595357 0.75813917074217 0.78967608705814 0.824267475542987 0.861910586374263 0.902492862700402 0.945997609254769 0.992338755668755 -9999 -9999 -9999 -9999 -9999 -9999 -9999 -9999 -9999 -9999
0.828256790366287 0.848991330335251 0.871537483844365 0.895540484452378 0.920533828213243 0.945881134715574 0.970837965189522 0.994498404166652 -9999 -9999 -9999 -9999 -9999 -9999 -9999 -9999 -9999 0.974344101962836 0.943901261769615 0.911402789897919 0.878024253684002 0.844825888348041 0.812660323803056 0.782241697276547 0.754104510045867 0.728624192532694 0.706043203201324 0.686530972176319 0.67014226373616 0.656900173514309 0.646801071592501 0.639836096944618 0.635961333627005 0.63516525937274 0.637440385444478 0.642753276964511 0.651133556875196 0.662582671000279 0.677125200115713 0.694807058077623 0.715694662152602 0.739966728421361 0.767278035939323 0.797919851768135 0.831868322537502 0.869156672717508 0.909795908673062 0.953679349100107 -9999 -9999 -9999 -9999 -9999 -9999 -9999 -9999 -9999 -9999 -9999 -9999
0.842016689463733 0.863896976956934 0.887769264202664 0.913298141721136 0.940034344591162 0.96734868322175 0.994496545865636 -9999 -9999 -9999 -9999 -9999 -9999 -9999 -9999 -9999 -9999 -9999 0.988704770347242 0.955595274626102 0.921316579716521 0.887021216359092 0.853646344202722 0.821983807667368 0.792628854411981 0.766005788939712 0.742392845794652 0.721986277230184 0.704859404884693 0.691042348232687 0.680538422636182 0.673346610448162 0.669424938903939 0.668766699783152 0.671368786224779 0.677199980444117 0.686297657054397 0.698668576305255 0.714346395493437 0.733387472237526 0.755872231608602 0.782006987083718 0.811417305602299 0.844435744511625 0.881048503166052 0.921302707365627 0.965220302600276 -9999 -9999 -9999 -9999 -9999 -9999 -9999 -9999 -9999 -9999 -9999 -9999 -9999
0.859653553873296 0.88282915577002 0.908190958163136 0.935424001570377 0.964097610189428 0.993590520758947 -9999 -9999 -9999 -9999 -9999 -9999 -9999 -9999 -9999 -9999 -9999 -9999 -9999 -9999 0.971969952546715 0.936437345597546 0.901689974003509 0.86860946334758 0.837861295175356 0.809926884601618 0.785126468193051 0.763687989907963 0.745706919547725 0.731221436847671 0.720243045663706 0.712779880563115 0.708792315307644 0.708278784535519 0.7112406694352 0.717648554923706 0.727547700783867 0.740949723126476 0.757897061344786 0.778456107909032 0.802720986427935 0.830926614365835 0.862661965753702 0.898302821053455 0.937842173360192 0.981337821736673 -9999 -9999 -9999 -9999 -9999 -9999 -9999 -9999 -9999 -9999 -9999 -9999 -9999 -9999
0.881426561113329 0.906070337019861 0.933110766155218 0.962254552759108 0.993091047688883 -9999 -9999 -9999 -9999 -9999 -9999 -9999 -9999 -9999 -9999 -9999 -9999 -9999 -9999 -9999 -9999 0.993818479902293 0.957511625169264 0.922813581033005 0.890470817969595 0.861031238800501 0.834864119951406 0.812234553099842 0.793264234908763 0.778000298992188 0.766463694350144 0.758673065868293 0.754591539753351 0.754222856979082 0.757572811016715 0.764613132668031 0.775396862964621 0.789939691255556 0.808292187710695 0.830529910993671 0.85675982765496 0.887245858464615 0.921531656913046 0.96003725796734 -9999 -9999 -9999 -9999 -9999 -9999 -9999 -9999 -9999 -9999 -9999 -9999 -9999 -9999 -9999 -9999
0.907621563651661 0.933934196615857 0.962873414656729 0.994169078012404 -9999 -9999 -9999 -9999 -9999 -9999 -9999 -9999 -9999 -9999 -9999 -9999 -9999 -9999 -9999 -9999 -9999 -9999 -9999 0.985455965515606 0.951280926231457 0.920106692736656 0.892359677767049 0.868348325734179 0.848225244069574 0.832047205058922 0.819845851352457 0.811651676658644 0.807430937689968 0.807192552527608 0.810946338250446 0.818664128221301 0.830406232919897 0.846191122073612 0.866076271015011 0.890144823738526 0.918514888024961 0.951478781491424 0.98852453184757 -9999 -9999 -9999 -9999 -9999 -9999 -9999 -9999 -9999 -9999 -9999 -9999 -9999 -9999 -9999 -9999 -9999
0.938664946672016 0.966881023847183 0.997976937586527 -9999 -9999 -9999 -9999 -9999 -9999 -9999 -9999 -9999 -9999 -9999 -9999 -9999 -9999 -9999 -9999 -9999 -9999 -9999 -9999 -9999 -9999 0.988054743191594 0.958465882612648 0.932836622253444 0.911355801423685 0.894090110245377 0.881082915643925 0.872377754596582 0.867944261135716 0.867795836228251 0.871945376663933 0.880363140298801 0.893115488892045 0.910221556669192 0.931743557372822 0.957769502429899 0.988425586879073 -9999 -9999 -9999 -9999 -9999 -9999 -9999 -9999 -9999 -9999 -9999 -9999 -9999 -9999 -9999 -9999 -9999 -9999 -9999
0.975011363623348 -9999 -9999 -9999 -9999 -9999 -9999 -9999 -9999 -9999 -9999 -9999 -9999 -9999 -9999 -9999 -9999 -9999 -9999 -9999 -9999 -9999 -9999 -9999 -9999 -9999 -9999 -9999 0.983409701746758 0.964836133284812 0.950838090842461 0.941473048818984 0.936714094806902 0.936577708559441 0.941078201127785 0.950181785478354 0.963958717964981 0.982425638315529 -9999 -9999 -9999 -9999 -9999 -9999 -9999 -9999 -9999 -9999 -9999 -9999 -9999 -9999 -9999 -9999 -9999 -9999 -9999 -9999 -9999 -9999
-9999 -9999 -9999 -9999 -9999 -9999 -9999 -9999 -9999 -9999 -9999 -9999 -9999 -9999 -9999 -9999 -9999 -9999 -9999 -9999 -9999 -9999 -9999 -9999 -9999 -9999 -9999 -9999 -9999 -9999 -9999 -9999 -9999 -9999 -9999 -9999 -9999 -9999 -9999 -9999 -9999 -9999 -9999 -9999 -9999 -9999 -9999 -9999 -9999 -9999 -9999 -9999 -9999 -9999 -9999 -9999 -9999 -9999 -9999 -9999
-9999 -9999 -9999 -9999 -9999 -9999 -9999 -9999 -9999 -9999 -9999 -9999 -9999 -9999 -9999 -9999 -9999 -9999 -9999 -9999 -9999 -9999 -9999 -9999 -9999 -9999 -9999 -9999 -9999 -9999 -9999 -9999 -9999 -9999 -9999 -9999 -9999 -9999 -9999 -9999 -9999 -9999 -9999 -9999 -9999 -9999 -9999 -9999 -9999 -9999 -9999 -9999 -9999 -9999 -9999 -9999 -9999 -9999 -9999 -9999
-9999 -9999 -9999 -9999 -9999 -9999 -9999 -9999 -9999 -9999 -9999 -9999 -9999 -9999 -9999 -9999 -9999 -9999 -9999 -9999 -9999 -9999 -9999 -9999 -9999 -9999 -9999 -9999 -9999 -9999 -9999 -9999 -9999 -9999 -9999 -9999 -9999 -9999 -9999 -9999 -9999 -9999 -9999 -9999 -9999 -9999 -9999 -9999 -9999 -9999 -9999 -9999 -9999 -9999 -9999 -9999 -9999 -9999 -9999 -9999
-9999 -9999 -9999 -9999 -9999 -9999 -9999 -9999 -9999 -9999 -9999 -9999 -9999 -9999 -9999 -9999 -9999 -9999 -9999 -9999 -9999 -9999 -9999 -9999 -9999 -9999 -9999 -9999 -9999 -9999 -9999 -9999 -9999 -9999 -9999 -9999 -9999 -9999 -9999 -9999 -9999 -9999 -9999 -9999 -9999 -9999 -9999 -9999 -9999 -9999 -9999 -9999 -9999 -9999 -9999 -9999 -9999 -9999 -9999 -9999
-9999 -9999 -9999 -9999 -9999 -9999 -9999 -9999 -9999 -9999 -9999 -9999 -9999 -9999 -9999 -9999 -9999 -9999 -9999 -9999 -9999 -9999 -9999 -9999 -9999 -9999 -9999 -9999 -9999 -9999 -9999 -9999 -9999 -9999 -9999 -9999 -9999 -9999 -9999 -9999 -9999 -9999 -9999 -9999 -9999 -9999 -9999 -9999 -9999 -9999 -9999 -9999 -9999 -9999 -9999 -9999 -9999 -9999 -9999 -9999
-9999 -9999 -9999 -9999 -9999 -9999 -9999 -9999 -9999 -9999 -9999 -9999 -9999 -9999 -9999 -9999 -9999 -9999 -9999 -9999 -9999 -9999 -9999 -9999 -9999 -9999 -9999 -9999 -9999 -9999 -9999 -9999 -9999 -9999 -9999 -9999 -9999 -9999 -9999 -9999 -9999 -9999 -9999 -9999 -9999 -9999 -9999 -9999 -9999 -9999 -9999 -9999 -9999 -9999 -9999 -9999 -9999 -9999 -9999 -9999
