file2.asc
NCOLS 282 
NROWS 201 
XLLCORNER 210603.385252414 
YLLCORNER 295450.363936035 
CELLSIZE 500 
NODATA_value -9999 
[rows 162 to 179 of 201, columns 164 to 204 of 282]
5.33413974867956e-12 4.89815836959686e-12 4.4916971451947e-12 4.11394664120035e-12 3.76395886898613e-12 3.44078513089966e-12 3.14340892039852e-12 2.87086752126049e-12 2.62191871420871e-12 2.39554364988209e-12 2.19064218145963e-12 2.00611668753974e-12 1.84087967137601e-12 1.69386042983497e-12 1.56401079926042e-12 1.4501645176272e-12 1.35164801277712e-12 1.26733191301141e-12 1.19629873017441e-12 1.13766934675354e-12 1.09060397761663e-12 1.05430252448291e-12 1.02800438983691e-12 1.01098781833591e-12 9.98965804384756e-13 9.99111476807838e-13 1.00649467607437e-12 1.02055049955851e-12 1.04074271248487e-12 1.06656189656261e-12 1.09752352739975e-12 1.1331660293732e-12 1.17304885148679e-12 1.21675060240929e-12 1.26386727744665e-12 1.31401060476011e-12 1.3647903647292e-12 1.42022241169286e-12 1.47754038840289e-12 1.53641400710078e-12 1.59650460910306e-12
5.26786832976252e-12 4.83561312370271e-12 4.4325442249208e-12 4.05784267961162e-12 3.7105629813536e-12 3.38974998677647e-12 3.0943849704852e-12 2.82349397103245e-12 2.57585220856763e-12 2.35043276612702e-12 2.14613632310077e-12 1.96186662955667e-12 1.79653803750989e-12 1.64908211425334e-12 1.51845334523868e-12 1.40350278524873e-12 1.30352910066468e-12 1.2174237408056e-12 1.14427313886508e-12 1.08320245264343e-12 1.03337654995665e-12 9.94000394865124e-13 9.6431890006384e-13 9.43616312029747e-13 9.27633216005345e-13 9.23504179652807e-13 9.26332035071356e-13 9.35560248726537e-13 9.50661703385124e-13 9.71136888773383e-13 9.96512016257694e-13 1.02633710505996e-12 1.06018408251537e-12 1.09764493569143e-12 1.13832994641123e-12 1.18186603645123e-12 1.22580582460431e-12 1.27434116607543e-12 1.32463569883584e-12 1.37637806722555e-12 1.42925153284841e-12
5.19395910761572e-12 4.76618678728745e-12 4.36723329031512e-12 3.99627286721385e-12 3.65236225956233e-12 3.33454272206927e-12 3.04179534770575e-12 2.77313800569942e-12 2.52736387831395e-12 2.30344103797074e-12 2.10027330509022e-12 1.91676813587047e-12 1.75184406763374e-12 1.6044372594761e-12 1.47350713606654e-12 1.35792315542172e-12 1.25696091842181e-12 1.1695334175531e-12 1.09473303644736e-12 1.03169114002574e-12 9.79579073662669e-13 9.37608572237645e-13 9.05031643028152e-13 8.81139987560847e-13 8.61710567222988e-13 8.53824349039959e-13 8.52627133335522e-13 8.57571600390867e-13 8.68140446487954e-13 8.83844614069765e-13 9.04221441979223e-13 9.28832782095973e-13 9.57263123823814e-13 9.89117762844529e-13 1.02402104544044e-12 1.06161471458409e-12 1.09939473351338e-12 1.14172606601993e-12 1.18570276885266e-12 1.23103147163583e-12 1.27741600155825e-12
5.11270836012268e-12 4.6901442775851e-12 4.2959987566625e-12 3.9294411852673e-12 3.5895316435811e-12 3.2753099440174e-12 2.98575897377772e-12 2.71989137168832e-12 2.47651885431354e-12 2.25460740409137e-12 2.05306621421653e-12 1.87080869585039e-12 1.70675982061584e-12 1.55986257251984e-12 1.42908351755191e-12 1.31331157942057e-12 1.21180376837873e-12 1.12349533587248e-12 1.04748656692221e-12 9.82916891870864e-13 9.28965890110775e-13 8.84853713697639e-13 8.49840993393262e-13 8.23228290750473e-13 8.0083750748648e-13 7.89681330163122e-13 7.84958263747445e-13 7.8613103293721e-13 7.92692838437085e-13 8.04165624313693e-13 8.2009826223185e-13 8.40064697666333e-13 8.63662098455779e-13 8.90509041180558e-13 9.2024376589538e-13 9.5252252481289e-13 9.84785464414601e-13 1.02156727048396e-12 1.05989324371306e-12 1.09948714435188e-12 1.14007213928404e-12
5.02424879463047e-12 4.60755659384899e-12 4.21884819986495e-12 3.85728976683775e-12 3.52194559844333e-12 3.21185589158159e-12 2.92600699090011e-12 2.66340885258798e-12 2.42289208417616e-12 2.20342310171155e-12 2.00391835670673e-12 1.82329911678304e-12 1.66049869156343e-12 1.51446878312122e-12 1.38418496966079e-12 1.26855644716123e-12 1.16682566988962e-12 1.07795065581231e-12 1.00104128102203e-12 9.35246664787494e-13 8.7975617211942e-13 8.33799847056608e-13 7.96648337743912e-13 7.67612375349199e-13 7.42567087827068e-13 7.28442682816519e-13 7.20499875923371e-13 7.18212356888875e-13 7.21084662775344e-13 7.28650481524541e-13 7.4047086953941e-13 7.56132427103939e-13 7.75245470871726e-13 7.97442237926498e-13 8.22375151134809e-13 8.49715170751941e-13 8.76848289167206e-13 9.08475561432986e-13 9.41555324694406e-13 9.75828305988722e-13 1.0110365413653e-12
4.92942301474152e-12 4.51928488964823e-12 4.13666859722412e-12 3.78073905953804e-12 3.45056616949058e-12 3.14519271825353e-12 2.86361058526484e-12 2.60482994031842e-12 2.36770116025465e-12 2.15119396539806e-12 1.95423434038822e-12 1.77575368589583e-12 1.61469591013982e-12 1.470023660711e-12 1.34072370586215e-12 1.22572665778035e-12 1.12426454970535e-12 1.03531894249726e-12 9.58011137227919e-13 8.91501655132305e-13 8.34991227546496e-13 7.87721228330377e-13 7.48973608409008e-13 7.1807039294635e-13 6.90947687556058e-13 6.74439251212025e-13 6.63876753216856e-13 6.5874523540777e-13 6.58560774471926e-13 6.62868819270269e-13 6.71242440584307e-13 6.83280535833027e-13 6.98606026860048e-13 7.16864084313775e-13 7.37720407519891e-13 7.60859584152218e-13 7.83614020394436e-13 8.10845788835351e-13 8.39446879018989e-13 8.6917327443745e-13 8.99783844218562e-13
4.82840484786289e-12 4.42542972127236e-12 4.04948539529342e-12 3.69973720821576e-12 3.37526172712844e-12 3.07510615789102e-12 2.79826961360212e-12 2.5437649203952e-12 2.31046280723637e-12 2.0973387058737e-12 1.90332999052338e-12 1.72738005147601e-12 1.56844523810845e-12 1.42550095871497e-12 1.29754694683521e-12 1.18353604797366e-12 1.082693503266e-12 9.94024917921438e-13 9.16664528187465e-13 8.49785676639009e-13 7.92601782026428e-13 7.4436676420081e-13 7.04374982305084e-13 6.71960745202755e-13 6.43128494135921e-13 6.2460220258375e-13 6.11792888405867e-13 6.04197410933608e-13 6.01343726860073e-13 6.02789260538963e-13 6.0811918591287e-13 6.16944661336793e-13 6.28901054251134e-13 6.43646188228987e-13 6.60858640456181e-13 6.8023611327211e-13 6.99058880646634e-13 7.22344798568107e-13 7.46921171613836e-13 7.7255831299187e-13 7.99030740735463e-13
4.72120767669005e-12 4.32592434719118e-12 3.95715165857769e-12 3.61405695954131e-12 3.29572460951064e-12 3.00120800820064e-12 2.7295151922515e-12 2.47966402958625e-12 2.25054629886713e-12 2.04114552654691e-12 1.8504123711764e-12 1.67730412334904e-12 1.52079148725423e-12 1.37986453609712e-12 1.25353785160197e-12 1.14078751739609e-12 1.04083562519355e-12 9.52712564396773e-13 8.75567200653722e-13 8.08587319734287e-13 7.51000569037272e-13 7.02074867368257e-13 6.61118339737488e-13 6.27478834615427e-13 5.97236421569682e-13 5.76992987353684e-13 5.62247179144028e-13 5.52508445232282e-13 5.47317273138484e-13 5.46243589927545e-13 5.488850741127e-13 5.54865419137273e-13 5.63832584247397e-13 5.75457064283544e-13 5.89430205605274e-13 6.05462591091319e-13 6.20784337278187e-13 6.40563544078113e-13 6.61565032191987e-13 6.83572729177854e-13 7.06375828044836e-13
4.60930502103518e-12 4.22227676633147e-12 3.86121594332425e-12 3.52529338735033e-12 3.21360228495454e-12 2.92520381393895e-12 2.65911641124471e-12 2.41436506452763e-12 2.1898631050086e-12 1.98460416109243e-12 1.79755370272572e-12 1.62768442875636e-12 1.47398287618e-12 1.33545522118525e-12 1.21113228277636e-12 1.10001392859916e-12 1.0013220752911e-12 9.14112150938866e-13 8.3754877483998e-13 7.7083521908941e-13 7.13214318070642e-13 6.63968860196264e-13 6.22421517165864e-13 5.87934366598846e-13 5.56669471368389e-13 5.35094617720309e-13 5.1880340622143e-13 5.0731817199682e-13 5.00192144856171e-13 4.97007880862421e-13 4.9737560582964e-13 5.00931509413547e-13 5.07336024414511e-13 5.1627212177509e-13 5.27443647596602e-13 5.40573724388379e-13 5.52844483462265e-13 5.69568189290402e-13 5.87449735013043e-13 6.06286054307072e-13 6.25880216947703e-13
4.49266602953026e-12 4.11436344000594e-12 3.76146163139608e-12 3.43313630991653e-12 3.12849049849036e-12 2.84659465032508e-12 2.58647901562343e-12 2.34717766964642e-12 2.12762603827772e-12 1.92682977111926e-12 1.74377063937792e-12 1.57743822995555e-12 1.42683637197075e-12 1.29098877362337e-12 1.16894388076089e-12 1.05972595810138e-12 9.62559614607915e-13 8.76525666172708e-13 8.00805641768224e-13 7.3461937982768e-13 6.77225900521755e-13 6.27923774908792e-13 5.86051044741768e-13 5.50984747206497e-13 5.18974934855412e-13 4.96344192935191e-13 4.78787938068443e-13 4.65841708240919e-13 4.57071694918307e-13 4.52073205954551e-13 4.50469041424018e-13 4.51907819700338e-13 4.5606228719357e-13 4.62627641163577e-13 4.71319891022162e-13 4.81874279583304e-13 4.91427278905917e-13 5.05428616121403e-13 5.20526000847793e-13 5.36528657582986e-13 5.53252643678373e-13
4.37182271364058e-12 4.0026671129803e-12 3.65832426885274e-12 3.33797603855728e-12 3.04073623069488e-12 2.76568594158377e-12 2.51186852292831e-12 2.27832892138947e-12 2.06402513930947e-12 1.86797657117869e-12 1.68918261558504e-12 1.5266510566753e-12 1.37940429858701e-12 1.24648482932784e-12 1.12695992605988e-12 1.0198787310464e-12 9.2447110236884e-13 8.39843467880203e-13 7.65195229993143e-13 6.99763681448172e-13 6.4282483587561e-13 5.93693770481757e-13 5.51724533163379e-13 5.16309666747304e-13 4.83792597983383e-13 4.60340369972629e-13 4.41756390050499e-13 4.2758955123563e-13 4.17419068450296e-13 4.10852973717803e-13 4.07526525975998e-13 4.07100571479879e-13 4.09259886983301e-13 4.13711534035104e-13 4.20183248866648e-13 4.28421888546068e-13 4.35520752903652e-13 4.47059766961699e-13 4.59632441050402e-13 4.73059552986131e-13 4.8716927054953e-13
4.24733948649572e-12 3.88770568748496e-12 3.55227799342165e-12 3.24024567424704e-12 2.95073430250825e-12 2.68283696260414e-12 2.43561138852808e-12 2.20811513201073e-12 1.99932933283729e-12 1.8082888220514e-12 1.63401196548563e-12 1.47552607824698e-12 1.3318734597285e-12 1.20211667762369e-12 1.08534311349519e-12 9.80627407579257e-13 8.8720721484231e-13 8.04214990304054e-13 7.30869122577324e-13 6.66425418410317e-13 6.10177887542159e-13 5.61459055265572e-13 5.19639853504147e-13 4.84129141506924e-13 4.51368939502983e-13 4.27361696279122e-13 4.08024769977758e-13 3.92920907198466e-13 3.81642769194747e-13 3.7381145751405e-13 3.69074956213095e-13 3.67106525266309e-13 3.67603076132084e-13 3.70283556727625e-13 3.74887369353194e-13 3.81172841457974e-13 3.86193153634527e-13 3.9565099844712e-13 4.06089225837073e-13 4.17339679015002e-13 4.29241978662058e-13
4.11977145452238e-12 3.76998425494777e-12 3.44378015738209e-12 3.14035700581788e-12 2.85885304575426e-12 2.59837456801557e-12 2.35799484384681e-12 2.13678558460486e-12 1.93375155490466e-12 1.74794452134374e-12 1.57840298994523e-12 1.42417496572499e-12 1.2843237817724e-12 1.15793319726625e-12 1.04411177756653e-12 9.41960133317896e-13 8.50725950874638e-13 7.69567981251155e-13 6.97724501055392e-13 6.34470676616541e-13 5.7911929949422e-13 5.31021065595817e-13 4.89564447210252e-13 4.54175207466197e-13 4.21398485971117e-13 3.97063876648762e-13 3.77207860851028e-13 3.61407313297089e-13 3.49268540982657e-13 3.40425838250604e-13 3.34539960786132e-13 3.31296551805835e-13 3.30404550186235e-13 3.31594606703288e-13 3.34617530991379e-13 3.39242788333031e-13 3.42486526664999e-13 3.50166153090569e-13 3.58777500174953e-13 3.68162856306909e-13 3.78172536972854e-13
3.98966692755148e-12 3.64999974843675e-12 3.33327843514551e-12 3.03870977135889e-12 2.76544669611722e-12 2.51260920816141e-12 2.27928711026623e-12 2.06456761438838e-12 1.86747947785728e-12 1.68709266847507e-12 1.52246679225675e-12 1.37267147904578e-12 1.23679199994426e-12 1.11393417394397e-12 1.00322857748795e-12 9.03802052113876e-13 8.14914178190072e-13 7.35750055184515e-13 6.65568469173788e-13 6.03664505944906e-13 5.49370234182148e-13 5.02054948521751e-13 4.61125020296605e-13 4.2602340389952e-13 3.93402101756208e-13 3.68910334171657e-13 3.48708000524967e-13 3.32386080799412e-13 3.19564432823245e-13 3.09890377360394e-13 3.03037205019947e-13 2.98702636916747e-13 2.96607267617625e-13 2.96493015469244e-13 2.98121601982687e-13 3.01273078598269e-13 3.02929646364794e-13 3.09014768113335e-13 3.15980989656716e-13 3.23680302535153e-13 3.31972879454182e-13
3.85757454855716e-12 3.52825060849327e-12 3.22122333659688e-12 2.9357101834622e-12 2.67087809566717e-12 2.4258623816484e-12 2.19977025641282e-12 1.99170561657893e-12 1.80072151609196e-12 1.62590722751887e-12 1.46634428087208e-12 1.32112472835385e-12 1.18935654595193e-12 1.07016834480655e-12 9.62713406662897e-13 8.66144981199797e-13 7.79736183770731e-13 7.02698453447975e-13 6.34311599666453e-13 5.73891089686453e-13 5.20788677691689e-13 4.74392610318858e-13 4.34127454963031e-13 3.99453597217541e-13 3.67133124760841e-13 3.42628410125364e-13 3.22226480534217e-13 3.05532418572574e-13 2.92179576003929e-13 2.8182818996463e-13 2.74163924277184e-13 2.6889636647604e-13 2.6575750786391e-13 2.64500230609577e-13 2.64896822614775e-13 2.6673753766692e-13 2.66974084493627e-13 2.71627124940024e-13 2.77110085201119e-13 2.83284146773977e-13 2.90018751872596e-13
3.72405280147438e-12 3.40524881024966e-12 3.10808300307687e-12 2.83178437135797e-12 2.5755346112406e-12 2.33848520797771e-12 2.11976160955366e-12 1.91848548503431e-12 1.73373448162351e-12 1.56461818649645e-12 1.41024081183675e-12 1.26971756613337e-12 1.14217983707712e-12 1.02677970501034e-12 9.22693801814808e-13 8.291019628506e-13 7.45292351906238e-13 6.70502763994182e-13 6.04034528746646e-13 5.4522394962134e-13 4.93442877517171e-13 4.48098877551319e-13 4.08635033870776e-13 3.74529437295545e-13 3.42657035295619e-13 3.18288001112543e-13 2.97839673507359e-13 2.80931309582402e-13 2.67209780524902e-13 2.56348219156809e-13 2.48044596178306e-13 2.42020254364131e-13 2.38018426815738e-13 2.35802762193362e-13 2.35155876702815e-13 2.35877949538061e-13 2.34893924854563e-13 2.38312542043354e-13 2.42512572276345e-13 2.47363961315781e-13 2.52744919793492e-13
3.58964634302936e-12 3.28149346371933e-12 2.99431360423673e-12 2.72734812215746e-12 2.47979416704411e-12 2.2508202049793e-12 2.03957067457852e-12 1.84518600806663e-12 1.6667687262282e-12 1.50344964438738e-12 1.35435634341156e-12 1.21862785138676e-12 1.09541960602536e-12 9.83907768505116e-13 8.8329290417104e-13 7.92781594766354e-13 7.11678427270152e-13 6.39247570855478e-13 5.74812331717656e-13 5.1773026973049e-13 4.67393715129312e-13 4.23229895094669e-13 3.84700713646322e-13 3.51302228094773e-13 3.20024520147795e-13 2.95941273715278e-13 2.75602730979431e-13 2.58642395938307e-13 2.44720684999563e-13 2.33523604898993e-13 2.24761363078075e-13 2.18166938467722e-13 2.13494637587936e-13 2.10518657821086e-13 2.09031676699478e-13 2.08843483108997e-13 2.06856086408878e-13 2.09256789287222e-13 2.12394278512274e-13 2.16146746624057e-13 2.20400571264729e-13
3.45486104387699e-12 3.15744271061922e-12 2.88032754940131e-12 2.62276998925895e-12 2.38398321765736e-12 2.16315333571789e-12 1.95944437145255e-12 1.77201631173668e-12 1.5999966959709e-12 1.44253826273673e-12 1.29879244161894e-12 1.16792252722756e-12 1.0491084200435e-12 9.415507396361e-13 8.44474326212227e-13 7.57112456820235e-13 6.78787179512859e-13 6.0878883891918e-13 5.46462906921293e-13 4.911883480967e-13 4.42378078694903e-13 3.99479052311247e-13 3.6197201422608e-13 3.29370966131785e-13 2.98782627732291e-13 2.75080676142707e-13 2.54949983594654e-13 2.38038096070825e-13 2.24018727667687e-13 2.12590469496749e-13 2.03475435140655e-13 1.96417869324032e-13 1.91182743536592e-13 1.87554359416453e-13 1.85334977811878e-13 1.84343488629781e-13 1.81462758635718e-13 1.82948697720955e-13 1.85124517252824e-13 1.87876043796692e-13 1.91097162947244e-13
