file4.asc
NCOLS 282 
NROWS 201 
XLLCORNER 210603.385252414 
YLLCORNER 295450.363936035 
CELLSIZE 500 
NODATA_value -9999 
[rows 27 to 53 of 201, columns 0 to 59 of 282]
-9999 -9999 -9999 -9999 -9999 -9999 -9999 -9999 -9999 -9999 -9999 0.943753931541477 0.870169877119742 0.806339405990859 0.750908425250468 0.702755237555192 0.660968229829509 0.624755735707275 0.593469125407634 0.566528405796395 0.54347205602563 0.523911977212807 0.507527052985108 0.494037159933473 0.483228542767466 0.474928822515703 0.468997645202487 0.465323505508848 0.463826923781989 0.46446821916887 0.467199144397796 0.472021001813172 0.478948590157041 0.488004689708284 0.499227989929342 0.512673163815592 0.528384234491345 0.546416334298691 0.566804146027897 0.589561861842898 0.614666880168001 0.642046040996721 0.671562598694544 0.702982976408242 0.735991020726256 0.770127520468192 0.804821802308197 0.839429561747679 0.873170783713949 0.905092403833469 0.934307340957092 0.960056123317413 0.981686699238637 0.998547973893386 -9999 -9999 -9999 -9999 -9999 -9999
-9999 -9999 -9999 -9999 -9999 -9999 -9999 -9999 -9999 -9999 -9999 0.949192918818934 0.875097917601438 0.81081921500159 0.754992306250178 0.706489194238338 0.66439071751213 0.627899181258498 0.59636205993997 0.56919377594609 0.545929671361013 0.526177693671542 0.509613971721615 0.495954193100388 0.484983011626658 0.47652585716032 0.470439699303785 0.466610171250935 0.464954818369777 0.465431821397653 0.467988935960043 0.47262461983774 0.479349905543825 0.488183640557821 0.49916039271349 0.512329522929823 0.527729688310664 0.545410361715441 0.565400792936693 0.587709242446708 0.612307224678585 0.639116381198007 0.667996461334106 0.698710857973435 0.730946199680769 0.764246409502453 0.798049694639612 0.83172403224053 0.864506095212136 0.895468495090753 0.923750394257392 0.948617239157801 0.969438950981625 0.985581663228904 0.996902122747914 -9999 -9999 -9999 0.996821209491831 0.987956829630981
-9999 -9999 -9999 -9999 -9999 -9999 -9999 -9999 -9999 -9999 -9999 0.959333961071452 0.88435268927523 0.819299634900552 0.762792925093705 0.713692618720931 0.671067282383942 0.634109090233604 0.602158428362886 0.574620951116263 0.55102642577908 0.530976877480892 0.514143945552373 0.500237496716854 0.489039438677143 0.480372017899299 0.474088617214642 0.470071201838922 0.468233618427396 0.468531463957282 0.470907868912949 0.475358042961473 0.481888802608066 0.490514585066341 0.501265325531696 0.51418453504274 0.529304728148537 0.546668816486466 0.566299564205263 0.588197862102052 0.612327507024296 0.638602683488594 0.666876971076089 0.696907353840128 0.728379924399539 0.760837602671028 0.793723512344495 0.826414325814184 0.858160320106308 0.888057905738206 0.915272419905261 0.939096223768125 0.958925117114784 0.97414815386011 0.984641267226205 0.990374139114649 0.991566931663268 0.988690793544317 0.982261621086362 0.973035448641008
-9999 -9999 -9999 -9999 -9999 -9999 -9999 -9999 -9999 -9999 -9999 0.974316520396901 0.898060656684591 0.831895737126891 0.774415311892331 0.724461684567496 0.681086239615839 0.643466756031773 0.610933263230364 0.582879316184272 0.558826593565619 0.538369134612835 0.521172293047254 0.506938382803178 0.495445383860975 0.48651132319957 0.479985035005775 0.47574395911384 0.473697460051778 0.473798094506015 0.475983681037481 0.480245756000719 0.486586431050362 0.495015230679483 0.505556934395545 0.518248651282385 0.53311597983465 0.550194392806077 0.569499195121919 0.591022564806507 0.614718898462884 0.640492873376354 0.668189531413683 0.697556409089954 0.728276254635757 0.759887342020199 0.791834325812603 0.823499546021819 0.8541442840773 0.882887222965221 0.908919879584548 0.931563261045267 0.950242343223523 0.964373834570646 0.973858666363008 0.978682912653945 0.979075046869806 0.975506711733529 0.968487478396746 0.958757938235184
-9999 -9999 -9999 -9999 -9999 -9999 -9999 -9999 -9999 -9999 -9999 0.994351986903994 0.916414215344847 0.848783298340485 0.790020636706486 0.738944712944576 0.694584553754976 0.656099047916493 0.622804482601691 0.594078775469329 0.569432884684097 0.548450676628606 0.530789330577371 0.516141746077888 0.504280748670214 0.495019048152774 0.488199898632004 0.48369529050365 0.481409240864511 0.481290794049374 0.48327169351992 0.487339342672893 0.49349060763774 0.501729557376242 0.512075260969866 0.524557841209974 0.539195184866902 0.55601444350744 0.575022539685991 0.596201659423763 0.619495208353405 0.644796467875983 0.671939814447995 0.700660570764357 0.730635789207879 0.761395887805027 0.792384203610716 0.822986256703478 0.852472231445863 0.879981964648084 0.904733333523702 0.926077598301659 0.943471771231749 0.95636417612635 0.964685585351111 0.968443724656714 0.967880403750757 0.963472337717255 0.955726295885994 0.945369970458531
-9999 -9999 -9999 -9999 -9999 -9999 -9999 -9999 -9999 -9999 -9999 -9999 0.939676093364642 0.870202794282563 0.80982984449275 0.757345491652731 0.711750877830278 0.672181199471875 0.637935457148959 0.60837212225634 0.582988636072398 0.56135635020374 0.5431222559442 0.527967813579496 0.515659403369523 0.506003239835748 0.498835876735327 0.494022846573574 0.491461848578834 0.491097924793822 0.492855885007688 0.496718496273499 0.502676770173642 0.51072872244539 0.520887110951052 0.533174438422479 0.547600039697435 0.564181833363405 0.582917464311078 0.603777870041181 0.626693938213462 0.651545775992072 0.678155156699546 0.706242631252092 0.735477611949826 0.765379816789864 0.795388900896162 0.824891575603081 0.85316530501085 0.879370380076076 0.90275144094562 0.922691565338386 0.938682340338275 0.950207035561257 0.957230286145487 0.95978574887025 0.958132592010978 0.952756313478564 0.944163686964376 0.933071592003586
-9999 -9999 -9999 -9999 -9999 -9999 -9999 -9999 -9999 -9999 -9999 -9999 0.968185429468485 0.896464919884931 0.834128683944065 0.779927871106404 0.732829765348869 0.691940676350019 0.656538573269604 0.6259583241017 0.599680848643664 0.577262448456949 0.558337753060603 0.542574557913455 0.529731422538225 0.519606786813506 0.512029272631142 0.506856841396443 0.503979772859206 0.503338597647927 0.504850215165315 0.508492198096634 0.51424900739438 0.522111935501419 0.532086765208877 0.544187675286782 0.558414537040864 0.574775064819808 0.593256731106848 0.61381795233824 0.636375582995939 0.660794833170711 0.68688306346133 0.714343624529552 0.742836687983035 0.771868708937919 0.800873709609941 0.829238044153883 0.856245278586333 0.881075881252919 0.903001928156782 0.921439931628055 0.935918417049959 0.945958495916174 0.951562076234508 0.952792266217915 0.949928814479415 0.943469009536682 0.933921841094219 0.921995065994408
-9999 -9999 -9999 -9999 -9999 -9999 -9999 -9999 -9999 -9999 -9999 -9999 -9999 0.927972467048889 0.863288394438639 0.807035419493447 0.758140433197336 0.715675168135728 0.678892570395952 0.647099308928768 0.619756511327624 0.596402657453627 0.576657641235137 0.560173119490666 0.546698349953521 0.536022594051199 0.527965176937612 0.522375250063046 0.519134403004883 0.518178135803485 0.519414318821732 0.522814709657624 0.528356419464767 0.536023260896086 0.545813309953398 0.557731620480837 0.571767603340907 0.587917717779246 0.606158356273244 0.626434099358361 0.648646234537824 0.672643372682239 0.698216744330207 0.725050148680374 0.752793230356488 0.780936843962706 0.808907798139992 0.83609094200005 0.86177518221741 0.885161297558926 0.905549748499083 0.922392177999377 0.935256288824202 0.943703569512693 0.947776091320833 0.947569272441553 0.943385957243176 0.935737615257676 0.925137134555465 0.912284482485127
-9999 -9999 -9999 -9999 -9999 -9999 -9999 -9999 -9999 -9999 -9999 -9999 -9999 0.965174902654734 0.897721540489456 0.839048300899758 0.78803448148584 0.743710956268285 0.705301382687592 0.672079106304361 0.643481875021108 0.619027299373923 0.598317923261767 0.580986498808528 0.566771372090731 0.555451071474056 0.546834096920742 0.540759397513033 0.537098393013252 0.535781026751139 0.536704843007348 0.539835086489853 0.545140584413479 0.552596805649924 0.562193272510819 0.573925026344956 0.587769889009911 0.603711903667605 0.621715443388608 0.64170986543999 0.663579308971519 0.687154076808006 0.712207623010841 0.738401894553323 0.765375040714518 0.792600196455459 0.819495763103265 0.845444370576575 0.869739981590785 0.891604308736294 0.910367529220168 0.925518322195094 0.936665841760015 0.943414313010272 0.945848504204975 0.944098508904784 0.938492213687563 0.929557135389086 0.917811266018136 0.903947753936649
-9999 -9999 -9999 -9999 -9999 -9999 -9999 -9999 -9999 -9999 -9999 -9999 -9999 -9999 0.937975075353279 0.876472824485049 0.822982468118798 0.776486998830929 0.736176194219178 0.701284289233938 0.671221670027942 0.645481694253397 0.623646645923514 0.60532725009831 0.590249177029543 0.578178487905515 0.568911136028802 0.562274295840232 0.558127479189544 0.556394564988932 0.556961265099558 0.559785532792786 0.564826824935739 0.572051280039095 0.581438914588547 0.592973735083756 0.606620704936277 0.622350155011255 0.640113450376476 0.659823224723873 0.681344789654587 0.704488362081653 0.729007973797666 0.75454136689344 0.780714467161492 0.806980662502304 0.8327490219011 0.857399552013524 0.880231349789712 0.900488081059547 0.917531287979924 0.930888770269971 0.940213459229922 0.945154571834461 0.945841875147725 0.942442166635682 0.935309932245665 0.924990265774971 0.912007167937 0.897047722135673
-9999 -9999 -9999 -9999 -9999 -9999 -9999 -9999 -9999 -9999 -9999 -9999 -9999 -9999 0.984676050054861 0.919887987085646 0.863521061575053 0.814502470960683 0.771983168832183 0.735151686625495 0.703386596017137 0.676153223030823 0.653010327992642 0.633543061344107 0.617462468253788 0.604520191617549 0.594497682931323 0.587208551358841 0.58249833263068 0.580284376404891 0.580438792744024 0.582911367783723 0.587650907480073 0.594613081002968 0.603767305329331 0.615085373659698 0.628517937860473 0.64402014917696 0.661529309296825 0.680939681478743 0.702095943807499 0.724786356207102 0.748743871153604 0.773579605232339 0.798906803632466 0.824157190317817 0.848729897306029 0.872002285058641 0.893279127050575 0.911827570318469 0.927042614203667 0.938493576054415 0.945879685438828 0.948897449056782 0.947723812746688 0.94256407114432 0.933800544565977 0.921997124225653 0.907684418347225 0.891543937126359
-9999 -9999 -9999 -9999 -9999 -9999 -9999 -9999 -9999 -9999 -9999 -9999 -9999 -9999 -9999 0.969975980367218 0.910282046959416 0.85834446972223 0.813270059195898 0.77419406584092 0.740458232095963 0.711495608652369 0.686837745780286 0.666040165120681 0.648797119607077 0.634843624816762 0.62394439427661 0.615897426468999 0.610531793550637 0.607757940508344 0.607432280897025 0.609495454199066 0.613884096451059 0.620542088063526 0.629426984892877 0.64049700290716 0.6536868073759 0.66893469597181 0.686162769192751 0.705245087898188 0.726003727446215 0.748202990391251 0.771553054138188 0.795635880948332 0.820051856472418 0.844209217413567 0.867496886688239 0.889289961756912 0.908899951903725 0.925619582888326 0.938879923883251 0.948294605606863 0.953611974405737 0.954578283668905 0.951419814702613 0.944382018197908 0.933876045264459 0.920485553174299 0.904748086977258 0.887339815667288
-9999 -9999 -9999 -9999 -9999 -9999 -9999 -9999 -9999 -9999 -9999 -9999 -9999 -9999 -9999 -9999 0.964032999114281 0.908727044070192 0.860703864788563 0.819036642250246 0.783024601966176 0.75206372771255 0.725654169337881 0.703317160635152 0.684727742145185 0.669601787064649 0.657684711580782 0.648756550212239 0.642626897473909 0.63919908378485 0.638311341823795 0.639894068535561 0.643869929254891 0.650169487137334 0.658736984460006 0.669515480050247 0.682421713095457 0.697375208340308 0.714281628946637 0.732992768892373 0.753305921151747 0.774959251027129 0.797638383964477 0.82089342740318 0.844311999962212 0.867277077033155 0.889167420145403 0.909356649958406 0.927164611272517 0.941912305181894 0.953070044046888 0.960299013585842 0.963399851984722 0.962171245834232 0.956891012825689 0.947846351387488 0.935478063452641 0.92039034022059 0.903127763461834 0.884361154319654
-9999 -9999 -9999 -9999 -9999 -9999 -9999 -9999 -9999 -9999 -9999 -9999 -9999 -9999 -9999 -9999 -9999 0.966483603939883 0.915062045618602 0.870407130340661 0.831769081496561 0.798501379936943 0.770067984005573 0.745950458938437 0.725801916309719 0.70931621478206 0.696216515505061 0.686262172640644 0.679239611718491 0.675045111901286 0.673495742443463 0.674510448486189 0.677995768104047 0.683867171524002 0.692053900759814 0.702482021096872 0.715048086480058 0.729650636301923 0.746177546838954 0.76445600167988 0.784256085655246 0.805287439183325 0.827209271165273 0.849536951473229 0.871845757715615 0.893491725258947 0.913843912440423 0.932275763695183 0.948117746329408 0.960722569590923 0.969603655942424 0.97447354754737 0.975188803287965 0.97160353427268 0.964049364372801 0.952856768898695 0.938496821042852 0.921594760885276 0.902702013855891 0.88248372908055
-9999 -9999 -9999 -9999 -9999 -9999 -9999 -9999 -9999 -9999 -9999 -9999 -9999 -9999 -9999 -9999 -9999 -9999 0.977259631526377 0.929161314991942 0.887494611021912 0.851564309811118 0.820792671482301 0.794615350463605 0.77266046778866 0.754596565581139 0.740121131400739 0.728969679884713 0.720900902898019 0.71580452310444 0.713472847223031 0.713812034088791 0.716709900292203 0.722064750567834 0.729788867611561 0.739789179042268 0.751939409344946 0.766114551798341 0.782183216493693 0.799945297443737 0.819140956139657 0.839448676415208 0.860499286516646 0.881770336817651 0.902825587202909 0.922992594579667 0.941631673988991 0.95811801908916 0.971795841005129 0.982053854719297 0.988453272122583 0.990762448796601 0.988898023010796 0.982772881236363 0.972774800361831 0.959278992050567 0.942787195980698 0.923945914103797 0.9033128782215 0.881546861958581
-9999 -9999 -9999 -9999 -9999 -9999 -9999 -9999 -9999 -9999 -9999 -9999 -9999 -9999 -9999 -9999 -9999 -9999 -9999 0.996304830256713 0.951143798249678 0.912138799884236 0.878664037131741 0.850101981336164 0.82605230007309 0.806154407510728 0.79007614057062 0.777525495916868 0.76822772341004 0.762067148838832 0.758806930436733 0.758338988618852 0.760529271161945 0.765256488758559 0.772413677038755 0.781886110692452 0.793521571186088 0.807168525882823 0.822674686500851 0.839809570421929 0.858280359048225 0.877731462581821 0.897763257129479 0.917812188351263 0.937431809167554 0.955919883609047 0.972629584660075 0.986940572317901 0.998214969179622 -9999 -9999 -9999 -9999 0.995532054258255 0.98289993094676 0.966929920929994 0.948154537048505 0.927241357754234 0.904753444887375 0.881342010146276
-9999 -9999 -9999 -9999 -9999 -9999 -9999 -9999 -9999 -9999 -9999 -9999 -9999 -9999 -9999 -9999 -9999 -9999 -9999 -9999 -9999 0.981263885290044 0.944660758150286 0.913334376578709 0.88685202502871 0.86481957598924 0.846870567428135 0.832681171808275 0.821935988930622 0.814516111685306 0.810150159180522 0.808714253808431 0.810048628953162 0.814009545268448 0.820468111219909 0.829284988031955 0.840278334391959 0.853266617414176 0.868074851717705 0.884438613963335 0.902028671621742 0.920452143186689 0.939276806283892 0.957894563204849 0.975850716473762 0.992412309482528 -9999 -9999 -9999 -9999 -9999 -9999 -9999 -9999 0.99422314840059 0.975593731276727 0.954373632705054 0.931250732562265 0.906791840789401 0.881638790448208
-9999 -9999 -9999 -9999 -9999 -9999 -9999 -9999 -9999 -9999 -9999 -9999 -9999 -9999 -9999 -9999 -9999 -9999 -9999 -9999 -9999 -9999 -9999 0.985393176307579 0.956081020673297 0.931559696243403 0.911422993175801 0.895310193430414 0.882856053839359 0.873942098751004 0.868255723005085 0.865655612082264 0.865951553260185 0.868973989786646 0.874568958402051 0.882569016262789 0.892758342553104 0.904921355143914 0.918858404170969 0.934267016562611 0.950777714764685 0.967956812110267 0.985337332123889 -9999 -9999 -9999 -9999 -9999 -9999 -9999 -9999 -9999 -9999 -9999 -9999 0.98502692331691 0.961194159073388 0.935721373227736 0.90917677589088 0.882190248805247
-9999 -9999 -9999 -9999 -9999 -9999 -9999 -9999 -9999 -9999 -9999 -9999 -9999 -9999 -9999 -9999 -9999 -9999 -9999 -9999 -9999 -9999 -9999 -9999 -9999 -9999 0.984802552300283 0.966427287871946 0.951950258476323 0.941259286583644 0.933992175136978 0.929988498937471 0.929021727646914 0.930892498128016 0.935418072039666 0.942398770144961 0.951579616303203 0.96270625528937 0.975552234186119 0.989772297446806 -9999 -9999 -9999 -9999 -9999 -9999 -9999 -9999 -9999 -9999 -9999 -9999 -9999 -9999 -9999 0.994943311531236 0.968327796750351 0.940367593722515 0.911628968897777 0.882726341781312
-9999 -9999 -9999 -9999 -9999 -9999 -9999 -9999 -9999 -9999 -9999 -9999 -9999 -9999 -9999 -9999 -9999 -9999 -9999 -9999 -9999 -9999 -9999 -9999 -9999 -9999 -9999 -9999 -9999 -9999 -9999 -9999 -9999 -9999 -9999 -9999 -9999 -9999 -9999 -9999 -9999 -9999 -9999 -9999 -9999 -9999 -9999 -9999 -9999 -9999 -9999 -9999 -9999 -9999 -9999 -9999 0.975456627235877 0.944880084927563 0.913851169038333 0.882964233863407
-9999 -9999 -9999 -9999 -9999 -9999 -9999 -9999 -9999 -9999 -9999 -9999 -9999 -9999 -9999 -9999 -9999 -9999 -9999 -9999 -9999 -9999 -9999 -9999 -9999 -9999 -9999 -9999 -9999 -9999 -9999 -9999 -9999 -9999 -9999 -9999 -9999 -9999 -9999 -9999 -9999 -9999 -9999 -9999 -9999 -9999 -9999 -9999 -9999 -9999 -9999 -9999 -9999 -9999 -9999 -9999 0.982268927617607 0.948961983383011 0.915563919478693 0.88264327053029
-9999 -9999 -9999 -9999 -9999 -9999 -9999 -9999 -9999 -9999 -9999 -9999 -9999 -9999 -9999 -9999 -9999 -9999 -9999 -9999 -9999 -9999 -9999 -9999 -9999 -9999 -9999 -9999 -9999 -9999 -9999 -9999 -9999 -9999 -9999 -9999 -9999 -9999 -9999 -9999 -9999 -9999 -9999 -9999 -9999 -9999 -9999 -9999 -9999 -9999 -9999 -9999 -9999 -9999 -9999 -9999 0.988460075560072 0.952329719053727 0.916506335500271 0.88152567906462
-9999 -9999 -9999 -9999 -9999 -9999 -9999 -9999 -9999 -9999 -9999 -9999 -9999 -9999 -9999 -9999 -9999 -9999 -9999 -9999 -9999 -9999 -9999 -9999 -9999 -9999 -9999 -9999 -9999 -9999 -9999 -9999 -9999 -9999 -9999 -9999 -9999 -9999 -9999 -9999 -9999 -9999 -9999 -9999 -9999 -9999 -9999 -9999 -9999 -9999 -9999 -9999 -9999 -9999 -9999 -9999 0.993750980275376 0.954731902859481 0.916454858875859 0.87941473465433
-9999 -9999 -9999 -9999 -9999 -9999 -9999 -9999 -9999 -9999 -9999 -9999 -9999 -9999 -9999 -9999 -9999 -9999 -9999 -9999 -9999 -9999 -9999 -9999 -9999 -9999 -9999 -9999 -9999 -9999 -9999 -9999 -9999 -9999 -9999 -9999 -9999 -9999 -9999 -9999 -9999 -9999 -9999 -9999 -9999 -9999 -9999 -9999 -9999 -9999 -9999 -9999 -9999 -9999 -9999 -9999 0.997753336722902 0.955826659172605 0.915111642082787 0.876053229596737
-9999 -9999 -9999 -9999 -9999 -9999 -9999 -9999 -9999 -9999 -9999 -9999 -9999 -9999 -9999 -9999 -9999 -9999 -9999 -9999 -9999 -9999 -9999 -9999 -9999 -9999 -9999 -9999 -9999 -9999 -9999 -9999 -9999 -9999 -9999 -9999 -9999 -9999 -9999 -9999 -9999 -9999 -9999 -9999 -9999 -9999 -9999 -9999 -9999 -9999 -9999 -9999 -9999 -9999 -9999 -9999 -9999 0.955479384260526 0.912377012037683 0.871371925053945
-9999 -9999 -9999 -9999 -9999 -9999 -9999 -9999 -9999 -9999 -9999 -9999 -9999 -9999 -9999 -9999 -9999 -9999 -9999 -9999 -9999 -9999 -9999 -9999 -9999 -9999 -9999 -9999 -9999 -9999 -9999 -9999 -9999 -9999 -9999 -9999 -9999 -9999 -9999 -9999 -9999 -9999 -9999 -9999 -9999 -9999 -9999 -9999 -9999 -9999 -9999 -9999 -9999 -9999 -9999 -9999 -9999 0.953594702898956 0.908191548927999 0.865341491259888
-9999 -9999 -9999 -9999 -9999 -9999 -9999 -9999 -9999 -9999 -9999 -9999 -9999 -9999 -9999 -9999 -9999 -9999 -9999 -9999 -9999 -9999 -9999 -9999 -9999 -9999 -9999 -9999 -9999 -9999 -9999 -9999 -9999 -9999 -9999 -9999 -9999 -9999 -9999 -9999 -9999 -9999 -9999 -9999 -9999 -9999 -9999 -9999 -9999 -9999 -9999 -9999 -9999 -9999 -9999 -9999 -9999 0.950166604731255 0.902585637132899 0.858021015993851
