file1.asc
NCOLS 282 
NROWS 201 
XLLCORNER 210603.385252414 
YLLCORNER 295450.363936035 
CELLSIZE 500 
NODATA_value -9999 
[rows 18 to 35 of 201, columns 41 to 81 of 282]
6.93218618849013e-11 6.59581302838115e-11 6.27157305765408e-11 5.96429935964266e-11 5.67814901820313e-11 5.41643345637457e-11 5.18168505578312e-11 4.97561582086673e-11 4.79914220522159e-11 4.65244912919574e-11 4.53503149377026e-11 4.44580872674235e-11 4.3832626233977e-11 4.34509541038256e-11 4.32890916933495e-11 4.33196449996017e-11 4.35126729916665e-11 4.3837265189676e-11 4.4261863872866e-11 4.47551205269859e-11 4.5286520236246e-11 4.58270008025561e-11 4.6349426966313e-11 4.68291159948907e-11 4.72441643611579e-11 4.75757457453718e-11 4.78084546077346e-11 4.7930244264849e-11 4.7932458114443e-11 4.78090956291291e-11 4.75583888652699e-11 4.71806138572156e-11 4.66801720063604e-11 4.60617502756942e-11 4.532764908907e-11 4.44998378382387e-11 4.35863633423274e-11 4.2601492665162e-11 4.15510660218863e-11 4.0447360007275e-11 3.93027188547784e-11
7.38511979839786e-11 7.02251149171908e-11 6.67210769480431e-11 6.33906195997511e-11 6.02783124481157e-11 5.74198041906066e-11 5.48425889863173e-11 5.25655812814162e-11 5.05992874492558e-11 4.89465720468247e-11 4.76030611403341e-11 4.65584088160133e-11 4.57977471751129e-11 4.52977863987313e-11 4.50344012406571e-11 4.49798284777494e-11 4.510357466296e-11 4.53741198474466e-11 4.57592025775127e-11 4.62267175908166e-11 4.67453472562401e-11 4.72851983765368e-11 4.78182753318273e-11 4.8319030498178e-11 4.87646886751528e-11 4.91355541345182e-11 4.94153871039909e-11 4.95913124735298e-11 4.96538586798101e-11 4.95961141996849e-11 4.94156021619026e-11 4.91118146258232e-11 4.86884880046967e-11 4.81495477907243e-11 4.74962442897232e-11 4.67507472276676e-11 4.59200531860524e-11 4.50181219978161e-11 4.40496914813742e-11 4.30263519077297e-11 4.19597910467485e-11
7.82663356031575e-11 7.43964707915637e-11 7.06487046884322e-11 6.70776261829209e-11 6.37307187221805e-11 6.06461062009108e-11 5.78534307658486e-11 5.53734189852655e-11 5.32179458374725e-11 5.13909464996347e-11 4.98887954079833e-11 4.87016993913433e-11 4.78152057974881e-11 4.72057902484822e-11 4.6849275641496e-11 4.67176108150379e-11 4.67798154191912e-11 4.70038164994466e-11 4.73566905305636e-11 4.78056058003744e-11 4.83184609307575e-11 4.88645427142711e-11 4.94149993330243e-11 4.99434218001219e-11 5.04261680686051e-11 5.08426829667531e-11 5.11759142210439e-11 5.14121888745864e-11 5.1541262209128e-11 5.15553523864624e-11 5.14513464478856e-11 5.12280292960059e-11 5.08885510820367e-11 5.04361653476131e-11 4.98711752993448e-11 4.92159915703499e-11 4.84765857651565e-11 4.76666697932847e-11 4.67899113378283e-11 4.58571958435842e-11 4.48795083430263e-11
8.25071108643947e-11 7.84169675087392e-11 7.44482736397982e-11 7.06584676371513e-11 6.70978200164201e-11 6.38068355932541e-11 6.08172541210894e-11 5.81516121696822e-11 5.58231649508798e-11 5.38369653035397e-11 5.21902044259968e-11 5.08737369122702e-11 4.98736305548317e-11 4.91662139979782e-11 4.87273617012961e-11 4.85288270397686e-11 4.85392200856946e-11 4.87259837150684e-11 4.90555865159605e-11 4.94945134028665e-11 5.00099110559379e-11 5.05702703392793e-11 5.11459007153821e-11 5.17095493513124e-11 5.22367268419665e-11 5.270604403822e-11 5.30996744776215e-11 5.34031951593504e-11 5.36056479631483e-11 5.36984396683124e-11 5.36779127849361e-11 5.35422406219432e-11 5.32940821726317e-11 5.29361251285252e-11 5.24678485423819e-11 5.19119424257804e-11 5.1273387055702e-11 5.05657054355054e-11 4.97915325713466e-11 4.89610238190372e-11 4.8084403288297e-11
8.65130721915774e-11 8.22308097173623e-11 7.80686208779088e-11 7.40865391339473e-11 7.03374554429763e-11 6.68641270855786e-11 6.37003139071057e-11 6.08703411992958e-11 5.83888410890873e-11 5.62620226550796e-11 5.44879591539963e-11 5.30582496311963e-11 5.19595909906504e-11 5.11682626910109e-11 5.06603028698231e-11 5.04073728319372e-11 5.03777618859001e-11 5.05385095990811e-11 5.08555429415784e-11 5.12947186896149e-11 5.18224753345443e-11 5.24065437385773e-11 5.30164237646331e-11 5.36240480541351e-11 5.4204111256711e-11 5.4734427895962e-11 5.51964482666148e-11 5.55750598596353e-11 5.58586639181192e-11 5.60379280055912e-11 5.61087547005737e-11 5.60688144018237e-11 5.59203809624209e-11 5.56656935795516e-11 5.53035450264441e-11 5.48569372917528e-11 5.43298990522919e-11 5.3735820185348e-11 5.30763443517966e-11 5.23608648509643e-11 5.15987758682833e-11
9.02249284381272e-11 8.57829151259472e-11 8.14588661325886e-11 7.7315107867709e-11 7.34069473247537e-11 6.97792327953356e-11 6.64676400478949e-11 6.34982424099529e-11 6.08870300840268e-11 5.86413974793295e-11 5.6760360946883e-11 5.52363608749132e-11 5.40568338754085e-11 5.3198117613146e-11 5.26365337117611e-11 5.23437652949722e-11 5.22878811184381e-11 5.24356106745787e-11 5.27524184248865e-11 5.32036014940651e-11 5.37549472339185e-11 5.43734757696725e-11 5.50279196651813e-11 5.56894395868582e-11 5.63319587735104e-11 5.69325460915551e-11 5.74719924667075e-11 5.79345688793805e-11 5.83081208381176e-11 5.85826608678838e-11 5.87537668766021e-11 5.88187252663292e-11 5.87795383134006e-11 5.86381212883137e-11 5.83927287618899e-11 5.80666975831957e-11 5.76631470906876e-11 5.71953815143136e-11 5.66640938828359e-11 5.60778731243314e-11 5.5445200437405e-11
9.35860831328018e-11 8.90203018678174e-11 8.45696520434081e-11 8.02984069875783e-11 7.62640502201178e-11 7.25133281641849e-11 6.90837023806896e-11 6.60029335666365e-11 6.3288334950093e-11 6.09485041361809e-11 5.89834556152773e-11 5.73865659680649e-11 5.61461217268937e-11 5.52386343319504e-11 5.46408347123235e-11 5.43245512311273e-11 5.42577432303438e-11 5.4406935943827e-11 5.47372241593287e-11 5.521342859159e-11 5.58007578577762e-11 5.64655864495884e-11 5.71759379497879e-11 5.79022598080133e-11 5.8617764476304e-11 5.92988416284233e-11 5.99257019494862e-11 6.04820871781721e-11 6.0955385302024e-11 6.13350507478424e-11 6.1616462035317e-11 6.17966493263336e-11 6.18774623001114e-11 6.18606208851967e-11 6.17439952997723e-11 6.15512669920241e-11 6.1284686936909e-11 6.09575072068e-11 6.05695045703005e-11 6.01284059445755e-11 5.96416775852364e-11
9.65442173092853e-11 9.18935617005646e-11 8.73545118042486e-11 8.299290359592e-11 7.88681267364497e-11 7.50286044846367e-11 7.15134299719123e-11 6.83519716731199e-11 6.55628135982348e-11 6.31557632179851e-11 6.11318807132456e-11 5.9485569711919e-11 5.82060743288582e-11 5.7270201955108e-11 5.66552226875866e-11 5.63332415954186e-11 5.62722294278e-11 5.64386247534026e-11 5.67972589767068e-11 5.73125742012461e-11 5.79492884388638e-11 5.86732119813862e-11 5.94517343856863e-11 6.0254665420123e-11 6.105458388289e-11 6.1827282648154e-11 6.25524861871749e-11 6.32135077085223e-11 6.37973878529829e-11 6.42931310891201e-11 6.4696049112711e-11 6.50030492937814e-11 6.52159496453269e-11 6.53364032430797e-11 6.53620505577463e-11 6.53169112081465e-11 6.52024043055196e-11 6.50317448302564e-11 6.48038170806309e-11 6.45254101489144e-11 6.42028522008646e-11
9.90526824630663e-11 9.43581380506506e-11 8.97710295524721e-11 8.53583394240165e-11 8.1181066777618e-11 7.72890652202922e-11 7.3722882649117e-11 7.05133966365896e-11 6.76803943558553e-11 6.52348860833151e-11 6.31790162094389e-11 6.15082997844872e-11 6.02130409967019e-11 5.9270469889326e-11 5.86585273655776e-11 5.83497330557301e-11 5.83121983571381e-11 5.85124039265504e-11 5.89150372675429e-11 5.94842752712577e-11 6.01844500760158e-11 6.09809069882582e-11 6.18404948516928e-11 6.27324798181669e-11 6.36289023110368e-11 6.45050580524929e-11 6.53402949633175e-11 6.61176120055901e-11 6.68238240157581e-11 6.74476038071274e-11 6.79843335841349e-11 6.8430933851634e-11 6.87893100564334e-11 6.90611721026001e-11 6.92440800986035e-11 6.9362365517762e-11 6.94166433630966e-11 6.94200828146513e-11 6.93706835798823e-11 6.92741993589494e-11 6.91356731537163e-11
1.01071917254878e-10 9.63756989541598e-11 9.17821755971216e-11 8.73590364141121e-11 8.31685733451948e-11 7.92618036837545e-11 7.56805347693896e-11 7.24570376848336e-11 6.96122195430762e-11 6.71582735416175e-11 6.50984568765348e-11 6.34294719802888e-11 6.21427780491925e-11 6.1216156598902e-11 6.06283498242035e-11 6.03524333160772e-11 6.03567938004651e-11 6.06080910769815e-11 6.10709989525885e-11 6.17095550392111e-11 6.24878245702203e-11 6.33708023489784e-11 6.43249057193608e-11 6.53189672894228e-11 6.632459995673e-11 6.73167165246511e-11 6.82744107823752e-11 6.91804923661019e-11 7.00216802552313e-11 7.07864414883477e-11 7.14703677285728e-11 7.20705281459127e-11 7.2589030465335e-11 7.30277578909857e-11 7.33843314412371e-11 7.3683348702301e-11 7.39246397934102e-11 7.41212953628001e-11 7.42704221754853e-11 7.43766207183248e-11 7.44434798861369e-11
1.02570483081198e-10 9.79151113053898e-11 9.33572142626339e-11 8.89647332990053e-11 8.48009229749122e-11 8.09176824668682e-11 7.73578681145559e-11 7.41550137363253e-11 7.13310492774951e-11 6.889931791286e-11 6.68642075796236e-11 6.52236738951114e-11 6.39704164784603e-11 6.30828973131769e-11 6.25407871339124e-11 6.23178606571446e-11 6.23829183998021e-11 6.27029433831083e-11 6.32427356591482e-11 6.39663315087722e-11 6.48376619944704e-11 6.58215008379684e-11 6.68839586897588e-11 6.79935601678456e-11 6.912161621763e-11 7.02427842194188e-11 7.13360369663262e-11 7.23841276416459e-11 7.33738143176428e-11 7.42934879323987e-11 7.51390850702732e-11 7.59079531043603e-11 7.66025067898578e-11 7.72249054674691e-11 7.77729567451068e-11 7.82714549689502e-11 7.87194512423512e-11 7.91298960306968e-11 7.94989736959556e-11 7.98299910426599e-11 8.01248910108432e-11
1.03525811305914e-10 9.89531542571389e-11 9.44723777696694e-11 9.01512144361074e-11 8.60535439754824e-11 8.2231855612834e-11 7.87298327624401e-11 7.55821278172732e-11 7.28115839790459e-11 7.04326484761139e-11 6.84508465658084e-11 6.6865440956426e-11 6.5670445647095e-11 6.4845130127965e-11 6.43702155336949e-11 6.4220318700813e-11 6.43647943278155e-11 6.47710982431183e-11 6.54043052537208e-11 6.62285993444077e-11 6.72079232222374e-11 6.83069733245068e-11 6.94916935394501e-11 7.07304409412212e-11 7.1994364059199e-11 7.32580045530153e-11 7.45003565214336e-11 7.57042555919918e-11 7.68566365182604e-11 7.79459451358852e-11 7.89685914875233e-11 7.99223210599758e-11 8.08099467185292e-11 8.16339892337655e-11 8.23925480807188e-11 8.31105201627963e-11 8.37861679961677e-11 8.44322094410129e-11 8.50438537070522e-11 8.56229509447959e-11 8.61695846129713e-11
1.03925059341844e-10 9.94754555809198e-11 9.51118897606464e-11 9.09014286173188e-11 8.69082397187554e-11 8.31851067526171e-11 7.9776311544985e-11 7.67174702801581e-11 7.40322196723082e-11 7.17360528268106e-11 6.9835627201771e-11 6.83315529009573e-11 6.72192185799534e-11 6.64788233108506e-11 6.6092251815707e-11 6.60351023113024e-11 6.62774220885491e-11 6.67872908726247e-11 6.75302112673666e-11 6.84706709473687e-11 6.95727790043102e-11 7.08013085364613e-11 7.2122187495543e-11 7.35037563894372e-11 7.49171503877905e-11 7.63369427905629e-11 7.77422957117349e-11 7.91162673836461e-11 8.04461047039572e-11 8.17204363109684e-11 8.29362625389027e-11 8.40918328459973e-11 8.51904318241038e-11 8.6235005897209e-11 8.72240273961583e-11 8.818237696437e-11 8.91075031469452e-11 9.00117686514781e-11 9.08893319792217e-11 9.1740404260698e-11 9.25629787139175e-11
1.0376517154403e-10 9.94765590788693e-11 9.52680278432213e-11 9.12055344642115e-11 8.7353203658279e-11 8.37638198079379e-11 8.04820319220567e-11 7.75442568813699e-11 7.49747970541487e-11 7.27901216104521e-11 7.0998003051597e-11 6.96004240272405e-11 6.85941925278911e-11 6.79605515305685e-11 6.76826510454962e-11 6.77372031009268e-11 6.80950806375865e-11 6.8725136404635e-11 6.95934548854035e-11 7.06649867756073e-11 7.19041675807702e-11 7.32760074354392e-11 7.47465763557367e-11 7.62843559563133e-11 7.78606227518523e-11 7.94501328057728e-11 8.10323633893938e-11 8.25907329669097e-11 8.4112930331551e-11 8.55878887105182e-11 8.70133008790885e-11 8.83880097732581e-11 8.97158265707455e-11 9.10001658866795e-11 9.22399290335545e-11 9.34598407770785e-11 9.46564977802321e-11 9.5841759837098e-11 9.70086410770696e-11 9.81555191322958e-11 9.92780575019101e-11
1.03052873534874e-10 9.89600072627021e-11 9.49412920719153e-11 9.10611521570194e-11 8.738335181617e-11 8.39603901441569e-11 8.08370543255441e-11 7.80503936661075e-11 7.56252433218622e-11 7.35789689341674e-11 7.1920429874792e-11 7.06529913178415e-11 6.97749094127789e-11 6.92685763735026e-11 6.91184966532014e-11 6.93026202904845e-11 6.97927719039616e-11 7.05587225700177e-11 7.15672917847351e-11 7.27840536854871e-11 7.41739330384112e-11 7.57023410307928e-11 7.73356518473506e-11 7.90426490550457e-11 8.07949069222904e-11 8.25675147535898e-11 8.43404075895679e-11 8.60974939087818e-11 8.78270227602248e-11 8.95183418380938e-11 9.11699175893002e-11 9.27812534029154e-11 9.43567173918966e-11 9.59002076672735e-11 9.74110799222263e-11 9.89137406545402e-11 1.0040388135113e-10 1.01892685065624e-10 1.03371908740334e-10 1.04837891680264e-10 1.06283722978767e-10
1.01804567477659e-10 9.79383883663488e-11 9.41406058417469e-11 9.0473720204493e-11 8.7000837273181e-11 8.3773898654476e-11 8.0837607776312e-11 7.82294761183072e-11 7.59747368332554e-11 7.40915643667792e-11 7.25898664027137e-11 7.14743848224168e-11 7.07448357190171e-11 7.03848541682562e-11 7.03803728768333e-11 7.07106922139736e-11 7.13487031762082e-11 7.22652317228413e-11 7.34279791360216e-11 7.4803298534416e-11 7.63567632311454e-11 7.80543463481271e-11 7.98628854350923e-11 8.17516227615848e-11 8.3692581117983e-11 8.56613255740818e-11 8.76383798242861e-11 8.96082575455695e-11 9.15598687854203e-11 9.34830682581886e-11 9.5377151735188e-11 9.72423239655616e-11 9.90835138012907e-11 1.00905090180408e-10 1.02706857856085e-10 1.045127243622e-10 1.06317411467756e-10 1.08131232632302e-10 1.0994456270516e-10 1.11751497280017e-10 1.13542312536889e-10
1.00045436915363e-10 9.64325045261231e-11 9.28825312920401e-11 8.94557397233553e-11 8.62143028882394e-11 8.32093507427726e-11 8.04852915078532e-11 7.80799287236485e-11 7.60187591444335e-11 7.43206716504491e-11 7.29965739670326e-11 7.20525630149779e-11 7.14898094198217e-11 7.12932716812089e-11 7.14503684110025e-11 7.1941849507494e-11 7.27417743694171e-11 7.38221501013293e-11 7.51516985846144e-11 7.66977008019903e-11 7.84265324834635e-11 8.03048844290367e-11 8.23002117542183e-11 8.43823657939116e-11 8.65239605504214e-11 8.87011688356518e-11 9.08952193710522e-11 9.30913288306636e-11 9.52791485458753e-11 9.74491126779506e-11 9.96013737352211e-11 1.01736850247309e-10 1.03861007239709e-10 1.05978642452933e-10 1.08089972275032e-10 1.10218208161714e-10 1.1235702708261e-10 1.14515664361426e-10 1.1668297855735e-10 1.18850620577343e-10 1.2100582767687e-10
9.78088670933719e-11 9.44709983475932e-11 9.11911096893881e-11 8.80268366987245e-11 8.50391742342876e-11 8.22782097690363e-11 7.97878599643864e-11 7.76060539251176e-11 7.57584215982833e-11 7.42644678092417e-11 7.31360439611779e-11 7.2380565141249e-11 7.20006339614461e-11 7.19825980125235e-11 7.23154014561107e-11 7.29813267098191e-11 7.39556870221827e-11 7.52117816691806e-11 7.67194782041501e-11 7.8447121019151e-11 8.0362029326689e-11 8.24317541784978e-11 8.46245090022112e-11 8.69108893675577e-11 8.92642262078869e-11 9.16614127384035e-11 9.40844761374685e-11 9.6519408766256e-11 9.89566561876061e-11 1.01387278442387e-10 1.03812279582563e-10 1.06233272975794e-10 1.08656205900801e-10 1.11086234334133e-10 1.13523918985304e-10 1.1599156791498e-10 1.18481733659374e-10 1.21002358949477e-10 1.23540652420581e-10 1.26085635915946e-10 1.28621307935091e-10
