file2.asc
NCOLS 282 
NROWS 201 
XLLCORNER 210603.385252414 
YLLCORNER 295450.363936035 
CELLSIZE 500 
NODATA_value -9999 
[rows 54 to 71 of 201, columns 0 to 40 of 282]
1.26117804091793e-11 1.34393158113917e-11 1.42940401050473e-11 1.51765714351494e-11 1.60816659642043e-11 1.70113007940337e-11 1.79598403629987e-11 1.89290784422398e-11 1.9914890595214e-11 2.09151556302219e-11 2.19255553594539e-11 2.29452555982279e-11 2.39737778705137e-11 2.50070636052637e-11 2.60403910845577e-11 2.70730836197645e-11 2.81027355722516e-11 2.91270421123589e-11 3.01461141008614e-11 3.11538261573147e-11 3.21502689867188e-11 3.31338522183705e-11 3.41032305613981e-11 3.50573270177112e-11 3.59953532257364e-11 3.69168265197007e-11 3.78215833234855e-11 3.87097885398246e-11 3.95819406443689e-11 4.0440846151824e-11 4.12841138936401e-11 4.21154350215015e-11 4.29356141488816e-11 4.37472087484866e-11 4.4552605104795e-11 4.53543674273212e-11 4.61553266730464e-11 4.69584677157767e-11 4.7766908408931e-11 4.85838570556527e-11 4.94125672514645e-11
1.19962561004009e-11 1.27857141862194e-11 1.36014420402794e-11 1.44441403725467e-11 1.53087377603325e-11 1.61973104055679e-11 1.71043854574747e-11 1.80318744627053e-11 1.89759085794973e-11 1.99344002702663e-11 2.09033074597706e-11 2.1881951447764e-11 2.2870064056628e-11 2.38637408709782e-11 2.48584677898665e-11 2.58537636908749e-11 2.68474152718977e-11 2.7837307077336e-11 2.88237604734631e-11 2.98007822739605e-11 3.07686554121333e-11 3.17259509381185e-11 3.26714740853613e-11 3.36042860683097e-11 3.45237231135013e-11 3.5429412325935e-11 3.63212840253392e-11 3.71995802269e-11 3.80648589877277e-11 3.89199144554461e-11 3.9762475360053e-11 4.05962448028834e-11 4.14219176061384e-11 4.22420618732411e-11 4.30590157302019e-11 4.38752680859487e-11 4.469356631109e-11 4.55167926417536e-11 4.63479470031822e-11 4.71901055918662e-11 4.80463769480947e-11
1.13897345355598e-11 1.21416082288793e-11 1.29188362835764e-11 1.37221957906061e-11 1.45467920596682e-11 1.53947910648445e-11 1.62608858859158e-11 1.71470957563673e-11 1.80498082758794e-11 1.8966965346302e-11 1.98948009082846e-11 2.08327851792377e-11 2.17808522983243e-11 2.27352511262044e-11 2.36916760644102e-11 2.46498337148073e-11 2.56076990791417e-11 2.65633420280927e-11 2.75172856970527e-11 2.84636735134948e-11 2.94029727204145e-11 3.03339118202543e-11 3.12554426642975e-11 3.21667608488554e-11 3.30673234466112e-11 3.39568636921546e-11 3.48354022719555e-11 3.57032549072145e-11 3.65610359627373e-11 3.74115215741015e-11 3.82525619150338e-11 3.90878707290086e-11 3.9918023878569e-11 4.07456006343723e-11 4.1572889128435e-11 4.24023001004947e-11 4.323649584334e-11 4.40782543247696e-11 4.49304561536053e-11 4.57960442900376e-11 4.66779813657959e-11
1.07942432871384e-11 1.1509157145379e-11 1.22485176375992e-11 1.30131719452836e-11 1.37984057349028e-11 1.46064653965765e-11 1.54322123995572e-11 1.62777634691768e-11 1.71397624092918e-11 1.80161766534906e-11 1.89035148946083e-11 1.98013893048075e-11 2.07099276380273e-11 2.16255307401925e-11 2.25441016338141e-11 2.34655261564169e-11 2.43879629135452e-11 2.53096623835711e-11 2.62313399324996e-11 2.71472795978938e-11 2.80581242517604e-11 2.89627552456727e-11 2.98602665296444e-11 3.07499836655938e-11 3.16314802767397e-11 3.25045915690614e-11 3.33694245907076e-11 3.42263649316983e-11 3.50760796090127e-11 3.59213210824101e-11 3.67600616814979e-11 3.75960246150182e-11 3.84296573075906e-11 3.92635507139292e-11 4.00999411559575e-11 4.09411582842958e-11 4.17897779615752e-11 4.26484724191948e-11 4.35200017863878e-11 4.44071749435621e-11 4.53128081059258e-11
1.02116436041428e-11 1.08903440858304e-11 1.15925949535184e-11 1.23193071381163e-11 1.30659495979821e-11 1.38348398402932e-11 1.46210094192175e-11 1.54266623428256e-11 1.62486973269452e-11 1.70851037892754e-11 1.79326627849736e-11 1.8791121150976e-11 1.96607909172746e-11 2.05382232514036e-11 2.14195291755564e-11 2.23047647097486e-11 2.31922667530227e-11 2.40804610581741e-11 2.49702449657671e-11 2.58560466953552e-11 2.67386753807972e-11 2.76171600330586e-11 2.84907316142296e-11 2.93588406917574e-11 3.02211726282767e-11 3.10776599601818e-11 3.19284916464127e-11 3.27741189036928e-11 3.3615257385287e-11 3.44546302138561e-11 3.52903317582742e-11 3.6126093641162e-11 3.69622250939112e-11 3.78013292371956e-11 3.86455887839672e-11 3.94972493076323e-11 4.03587990162384e-11 4.12328030810979e-11 4.21219001918623e-11 4.30287645664559e-11 4.39560658123435e-11
9.64362561448027e-12 1.02869709935324e-11 1.0952985611559e-11 1.16426378112241e-11 1.23515820969975e-11 1.30821979336145e-11 1.38296878934498e-11 1.45963331335212e-11 1.53792849707555e-11 1.61765516653176e-11 1.69851831670647e-11 1.78050534291943e-11 1.86366488684727e-11 1.94766689754239e-11 2.03214314415135e-11 2.11711529352799e-11 2.20243427879476e-11 2.28795961371054e-11 2.37379814122436e-11 2.45940741617998e-11 2.54488398067925e-11 2.630144929186e-11 2.71512649845993e-11 2.79978569984099e-11 2.88410171494126e-11 2.96807702174617e-11 3.05173822082123e-11 3.13513653463277e-11 3.21834795688563e-11 3.30164130233317e-11 3.38483811839036e-11 3.46831231535274e-11 3.55207999764251e-11 3.63640273707867e-11 3.72149326581194e-11 3.80756742624605e-11 3.89486516304247e-11 3.98363216762641e-11 4.07412008715487e-11 4.16658284243218e-11 4.26127274307762e-11
9.09170553587838e-12 9.70065558416912e-12 1.03314122557766e-11 1.09849950226541e-11 1.16572455213374e-11 1.23505962326401e-11 1.30604209235646e-11 1.37890679273404e-11 1.45339378755456e-11 1.5293055173376e-11 1.60637341753072e-11 1.68459682110368e-11 1.76404077319641e-11 1.84438982550861e-11 1.925296213537e-11 2.00679667594818e-11 2.08875875391231e-11 2.17105826105144e-11 2.25381800672057e-11 2.33651055081341e-11 2.41924701406431e-11 2.50195806338195e-11 2.58459246838709e-11 2.66711860374168e-11 2.74952572460846e-11 2.8318249839127e-11 2.91405016263797e-11 2.99625808753925e-11 3.07852871436789e-11 3.16112680089204e-11 3.24388583173647e-11 3.32718038264315e-11 3.41101072044595e-11 3.49563971327391e-11 3.58127437758541e-11 3.66812152374941e-11 3.75641212042375e-11 3.84638092460855e-11 3.93826729983307e-11 4.03231165217901e-11 4.12875167564417e-11
8.55722481080242e-12 9.13283036615607e-12 9.72940168965621e-12 1.03480032042546e-11 1.0984664612886e-11 1.16418627629121e-11 1.23151420447101e-11 1.30069082372053e-11 1.37148070739881e-11 1.44368768822261e-11 1.51706909699765e-11 1.59163541777706e-11 1.66746702648999e-11 1.74426282162157e-11 1.82169524054753e-11 1.8998150694722e-11 1.97850577953691e-11 2.05765880202279e-11 2.13741172545215e-11 2.21725234440366e-11 2.2973052638382e-11 2.37751405921131e-11 2.45783938337917e-11 2.53826034251767e-11 2.61877565476776e-11 2.69940456192704e-11 2.78018746693745e-11 2.86118627291454e-11 2.94248440299547e-11 3.02434200473866e-11 3.10660424920137e-11 3.18964630447972e-11 3.27345156638544e-11 3.35828422773591e-11 3.44434541464671e-11 3.53183257712223e-11 3.62096761795771e-11 3.71197426038745e-11 3.80507953647821e-11 3.90051034238598e-11 3.99848981496928e-11
8.04135105863285e-12 8.58474358957403e-12 9.14828581410373e-12 9.73308107778375e-12 1.03353474530811e-11 1.09575978649295e-11 1.15955460211896e-11 1.22516457339862e-11 1.29237827551807e-11 1.36100076071027e-11 1.43081462063575e-11 1.50184069755083e-11 1.57417359682954e-11 1.6475262850861e-11 1.72159107707735e-11 1.796431759322e-11 1.87194701808684e-11 1.94804318260106e-11 2.02487139777195e-11 2.10193487999864e-11 2.17937058809286e-11 2.25713430462555e-11 2.33519787930274e-11 2.41355048234389e-11 2.49219965005519e-11 2.57117209454058e-11 2.65051425179783e-11 2.73029254529055e-11 2.81059334544373e-11 2.89167164444416e-11 2.97338397459666e-11 3.05610603122652e-11 3.13980329654384e-11 3.22474130664964e-11 3.31111512489459e-11 3.39911250014681e-11 3.48894618877502e-11 3.58082878879403e-11 3.6749749650069e-11 3.77159812457676e-11 3.8709069258588e-11
7.54508071914132e-12 8.0574619906822e-12 8.58920446769009e-12 9.14144458196362e-12 9.71058847134162e-12 1.02991772725553e-11 1.09030919872113e-11 1.15248254358905e-11 1.21624974940409e-11 1.28141696620793e-11 1.34779132977557e-11 1.41540324733563e-11 1.48436043235579e-11 1.55438962134842e-11 1.62520262597861e-11 1.69687517099074e-11 1.76932041223931e-11 1.84245882571723e-11 1.91645386353863e-11 1.99082430861202e-11 2.06571831557932e-11 2.14110314061223e-11 2.21696111232022e-11 2.29329076674422e-11 2.37010778388851e-11 2.44744569932876e-11 2.5253563666167e-11 2.6039101488981e-11 2.68319582134635e-11 2.76346268537513e-11 2.844578238535e-11 2.92691864444481e-11 3.01043042587292e-11 3.0953804693926e-11 3.18195760585186e-11 3.27033952870911e-11 3.36072977605124e-11 3.45332973573719e-11 3.54834167969982e-11 3.64596556088375e-11 3.74639565519592e-11
7.06924324521387e-12 7.551875181869e-12 8.05311001080383e-12 8.57411164388218e-12 9.11147339993933e-12 9.66775724108245e-12 1.02390087415254e-11 1.08277511563871e-11 1.1432331843616e-11 1.20508225795281e-11 1.26815322487145e-11 1.33248526933592e-11 1.39819808000088e-11 1.46503184846994e-11 1.53271745106407e-11 1.601341481599e-11 1.67083079524516e-11 1.74111923802785e-11 1.81238130268843e-11 1.88415144096795e-11 1.95658782588377e-11 2.02966842701241e-11 2.10338530752746e-11 2.17774564521375e-11 2.25277256424196e-11 2.32850575280646e-11 2.40500184379274e-11 2.48233453819404e-11 2.56059445401625e-11 2.64002467782705e-11 2.72050320967481e-11 2.80240662670533e-11 2.88566144945536e-11 2.97053590910901e-11 3.05721243752713e-11 3.14585830408276e-11 3.23666776496764e-11 3.32983091822673e-11 3.4255376257996e-11 3.52397443285496e-11 3.62532134370413e-11
6.61450668989195e-12 7.0687015231633e-12 7.54077348074752e-12 8.03190861261781e-12 8.53888598393148e-12 9.06428152431816e-12 9.60430198603901e-12 1.01614929915712e-11 1.07344220620847e-11 1.1321171059492e-11 1.19202778124927e-11 1.25322141577532e-11 1.31582853706711e-11 1.37960246319394e-11 1.44429265539927e-11 1.50999550779556e-11 1.57665078564694e-11 1.64420490849642e-11 1.71284213448353e-11 1.782112644253e-11 1.8521834403235e-11 1.92304242409973e-11 1.99469062767207e-11 2.06714312546857e-11 2.14042976577552e-11 2.21459569876039e-11 2.28970167958019e-11 2.36582412757219e-11 2.44305492538134e-11 2.52163043341277e-11 2.60143862920621e-11 2.68285645058573e-11 2.76578938280407e-11 2.85050698108288e-11 2.93718511573252e-11 3.02598024822885e-11 3.11707729714673e-11 3.21065499523645e-11 3.30689078423186e-11 3.40595785760177e-11 3.50802207122527e-11
6.18138452315141e-12 6.60849530111247e-12 7.0527921338081e-12 7.51547816124414e-12 7.99351624232555e-12 8.48948998685317e-12 8.9997632845373e-12 9.52689661313687e-12 1.00696697307025e-11 1.06261748954837e-11 1.11951697097451e-11 1.17771983811392e-11 1.23736632549047e-11 1.29822253769656e-11 1.36005599804636e-11 1.42297183958042e-11 1.48692193504298e-11 1.55186446674705e-11 1.61799218277899e-11 1.68487101065935e-11 1.75267558985643e-11 1.82140295579579e-11 1.89106232748258e-11 1.96167591458616e-11 2.03327955339465e-11 2.10592314976927e-11 2.17967090906606e-11 2.25460133527159e-11 2.33080698429801e-11 2.40851699310566e-11 2.48762873429885e-11 2.56851945298321e-11 2.65107258281946e-11 2.73555896610393e-11 2.82214775370437e-11 2.91098419969027e-11 3.00224383694936e-11 3.09609396067438e-11 3.1926995876673e-11 3.29222062352297e-11 3.39480890882904e-11
5.77024350736651e-12 6.17165503388314e-12 6.58959818288411e-12 7.02528845540813e-12 7.47587006814726e-12 7.94392862863423e-12 8.42598050803101e-12 8.92459412293746e-12 9.43875300817879e-12 9.96656061186483e-12 1.05069846333848e-11 1.10606342226207e-11 1.16289975933073e-11 1.2209860166377e-11 1.28010721798664e-11 1.34037618793463e-11 1.4017560959908e-11 1.46421606754896e-11 1.52795607299557e-11 1.59255776280005e-11 1.65820222454993e-11 1.72489481860711e-11 1.79265215731269e-11 1.8615028124419e-11 1.9314878604332e-11 2.00266124497995e-11 2.07508993830362e-11 2.14885388457372e-11 2.22404571148516e-11 2.30088685042656e-11 2.37928343434065e-11 2.45961295900871e-11 2.54173581419884e-11 2.62592407424069e-11 2.71234001815208e-11 2.80111727700609e-11 2.89242195744543e-11 2.98640984724379e-11 3.08323353776034e-11 3.18303971657078e-11 3.285966349925e-11
5.38131245700361e-12 5.75843271774516e-12 6.15146853524847e-12 6.5616433823439e-12 6.9862799504145e-12 7.42796079393642e-12 7.88334952785933e-12 8.35501621934407e-12 8.84213926080993e-12 9.34283454139404e-12 9.85626975763641e-12 1.03831118055605e-11 1.09249237524942e-11 1.14796118330552e-11 1.20451953308536e-11 1.26228691323654e-11 1.32123697619772e-11 1.38134896680574e-11 1.44282882546335e-11 1.50527386001913e-11 1.56887042806214e-11 1.63363139924597e-11 1.69957997865389e-11 1.76675031967259e-11 1.83518798345742e-11 1.90495022599767e-11 1.97610609541631e-11 2.04873632415612e-11 2.1229330030993e-11 2.1989093920496e-11 2.27657970259755e-11 2.35632161855277e-11 2.43797152494719e-11 2.52180265332997e-11 2.60797026480327e-11 2.69659593557125e-11 2.78783631293694e-11 2.88183560912036e-11 2.9787339926281e-11 3.07866500734928e-11 3.1817528919782e-11
5.01469170759863e-12 5.3689438294919e-12 5.73853533428965e-12 6.12469363330635e-12 6.52491659998724e-12 6.94177933563288e-12 7.37208691630171e-12 7.81840542404026e-12 8.28009880593151e-12 8.75529706955168e-12 9.24335746708249e-12 9.7449977101807e-12 1.02618449547023e-11 1.07919226335622e-11 1.13334128164527e-11 1.18875670110208e-11 1.24542184477919e-11 1.30332525403043e-11 1.36267760938438e-11 1.42309176917862e-11 1.48475820012677e-11 1.54769646341406e-11 1.61193555356785e-11 1.67751442187909e-11 1.74448235515686e-11 1.81289919220539e-11 1.88283536193568e-11 1.95437172891687e-11 2.02759923441965e-11 2.10272251755651e-11 2.17966314539153e-11 2.25879891809812e-11 2.33994129414737e-11 2.42336456603125e-11 2.509216838091e-11 2.59760718349053e-11 2.68868276458942e-11 2.78257615111045e-11 2.87941509344276e-11 2.97932006922238e-11 3.08240174040436e-11
4.67036312129142e-12 5.00317790161889e-12 5.35079711138444e-12 5.7144484347475e-12 6.09180126362519e-12 6.48541950803289e-12 6.892243416825e-12 7.314830120253e-12 7.75271950858962e-12 8.2040577745534e-12 8.66838102376342e-12 9.14645114642101e-12 9.63994892928876e-12 1.01470113485597e-11 1.06659767429167e-11 1.1198143524727e-11 1.17434335654078e-11 1.2301817064523e-11 1.28754362181611e-11 1.34605736364666e-11 1.40591637016243e-11 1.46714607834692e-11 1.52978047019827e-11 1.59386251187921e-11 1.65944445687847e-11 1.72658799691226e-11 1.79536424571823e-11 1.86585354266363e-11 1.93814506519338e-11 2.01243440015483e-11 2.08864971098805e-11 2.16716883046087e-11 2.24777741527277e-11 2.33075069944275e-11 2.41622949980516e-11 2.5043099221859e-11 2.59512962597772e-11 2.68880947225191e-11 2.78546497118563e-11 2.88520330427128e-11 2.98812185374501e-11
4.3482004608815e-12 4.66100949197642e-12 4.98813035914704e-12 5.33078772884025e-12 5.68681851605068e-12 6.05877236720014e-12 6.44371795190066e-12 6.84419915938066e-12 7.25992197744428e-12 7.68905119820274e-12 8.13129089674858e-12 8.5874408209375e-12 9.05922528975236e-12 9.54489113994764e-12 1.00429262460064e-11 1.0554666554483e-11 1.10801146091687e-11 1.16193173057975e-11 1.21744405675674e-11 1.27419191489018e-11 1.33237060580578e-11 1.39201063239353e-11 1.45315016719605e-11 1.515835412494e-11 1.58012083303009e-11 1.64606924639841e-11 1.71375175745148e-11 1.78324752472685e-11 1.85464334885773e-11 1.92812535084503e-11 2.00362750105932e-11 2.08152756582489e-11 2.16158457901846e-11 2.24407457198295e-11 2.32913095225591e-11 2.41683637826463e-11 2.5073189961279e-11 2.60068789262659e-11 2.69704620698074e-11 2.7964882421763e-11 2.89909797806184e-11
