file3.asc
NCOLS 282 
NROWS 201 
XLLCORNER 210603.385252414 
YLLCORNER 295450.363936035 
CELLSIZE 500 
NODATA_value -9999 
[rows 20 to 39 of 201, columns 0 to 44 of 282]
3.52112722009308 3.07317821122452 2.69568198260659 2.37676377224853 2.1060805080483 1.87566612544391 1.67882261146124 1.51028465511358 1.36544556699343 1.24079317170332 1.13315507744732 1.04007906838786 0.959476215139257 0.889583757490251 0.828925197521728 0.77626134551254 0.730601683968527 0.691082290030123 0.656989660773686 0.627695050474532 0.602688780238294 0.581557817191855 0.563951068973201 0.549575021233788 0.538192825403792 0.529619886044978 0.523709973777859 0.52034996059364 0.51946255893933 0.521009647324652 0.52495497768527 0.531307746269369 0.540096156392766 0.551355464431477 0.5651355279095 0.581509178654005 0.600529138392759 0.622254716476681 0.646713339342108 0.67390045663493 0.703757183965924 0.736150095943672 0.770850677915089 0.807505377669746 0.845628735924781
3.42311665948587 2.98755181994447 2.62047830485319 2.31038537233302 2.0471912606977 1.82315730014606 1.63176639395673 1.46789537077722 1.32706597438985 1.2058629406358 1.10119895384908 1.01069357325729 0.932315871670788 0.864350378915527 0.805360523171564 0.754142724118061 0.709732825301547 0.671290325400189 0.638121752569767 0.609615360221263 0.585276610483604 0.564701777921231 0.547549818616297 0.533533790261077 0.522424281184004 0.514041617134897 0.508243212648222 0.504918640068553 0.503992405351722 0.505427849941212 0.509188835481538 0.515285010806035 0.523744364218792 0.53460245656882 0.54791012878906 0.563740448335841 0.582149189608002 0.603200437846219 0.626929663100362 0.653344133693001 0.682401786924801 0.713992202052147 0.747917158029273 0.783860410865396 0.82138217120349
3.34442643843422 2.91878480884528 2.56006090831049 2.25704202535486 1.99985073817807 1.78093151237712 1.59391118447043 1.43378109914571 1.29616546301522 1.1777268116617 1.07544521906381 0.986998642316693 0.910402673427803 0.843979387771862 0.786324020504794 0.736261732983481 0.692849277211185 0.65526484604484 0.6228310687711 0.594949568353168 0.571137899179537 0.550999648164564 0.534201698459746 0.520462048509082 0.509557167901622 0.501311144749228 0.495584016250664 0.49226715173357 0.49128607787863 0.492604938652934 0.496187019707677 0.50204177653693 0.510196280277599 0.520685515028527 0.533560192337596 0.548892380549832 0.566739053284862 0.587166745003317 0.610215934073008 0.635901802023819 0.664194190511216 0.69499967177381 0.72814323432972 0.763337838604046 0.800180862019758
3.28382276629539 2.86579903815922 2.51348250487555 2.21589730617892 1.96331661140081 1.74832667238272 1.56466358228737 1.40740715882038 1.27225980944051 1.15594395232355 1.0554904498498 0.96862320079594 0.893393563262901 0.828152001072303 0.771517939160811 0.722338868497539 0.679687331869626 0.642755773736056 0.610879256355921 0.58346937145565 0.560052945116447 0.540238950228827 0.523700231782753 0.510158168323828 0.499393689969317 0.491233568819222 0.485539515628685 0.482203861461491 0.481152442487199 0.482349621737214 0.485757494753604 0.491384771743254 0.499257014928588 0.509407895627946 0.521887078203077 0.536764620838571 0.554097159421901 0.573951747355677 0.596371342105474 0.621375747191017 0.648942520773491 0.678990049808149 0.711360350972873 0.745788367763006 0.781900928882283
3.24036481531325 2.82777190887871 2.48001984092926 2.18631221572769 1.9370213964608 1.72483629509958 1.5435693166026 1.38836391455765 1.25497772932672 1.14017605008306 1.04102473553695 0.955281890577133 0.881024441389349 0.816622520511655 0.760712503631213 0.7121581499006 0.670042925322874 0.633569297247963 0.602081294806843 0.574997245903561 0.551850601432088 0.532253842294786 0.515883927324883 0.502464101110421 0.491778437030783 0.483655371647437 0.477957390742205 0.474576998813728 0.473439671962541 0.474509466191102 0.477746715902502 0.48315890403664 0.490769570013837 0.500610445046127 0.512729375534399 0.527193568368941 0.544058031708285 0.563388722471696 0.585228960537 0.609600388831681 0.636484712329883 0.665807681800993 0.697422980650829 0.731081159795453 0.766431620221214
3.21338034702287 2.80411505337403 2.45915495913862 2.16782862300098 1.92055774827579 1.71009637537875 1.53030148081218 1.37635617034889 1.24405126612317 1.13017855670033 1.0318236599725 0.946767690445942 0.873103339076526 0.809211986002377 0.75373998297165 0.705561550742251 0.663766383054885 0.627562889464067 0.596300748001445 0.569401902755469 0.54640390778984 0.52692090143217 0.51063219101841 0.497261396452611 0.48659449342436 0.478460602916313 0.4727221185822 0.469270958350064 0.468031589904428 0.468967279904921 0.472036050459108 0.477243723739895 0.484611354279573 0.494168181944233 0.505959572146815 0.520049163871198 0.536489235018151 0.555343274662496 0.576653178407442 0.600440058105151 0.626686707375846 0.655322407551563 0.686207867164309 0.719103639288537 0.753675638085942
3.20244835180909 2.79445913863204 2.45056181527315 2.16015742241101 1.91366792694725 1.70387597319674 1.52465207940053 1.37119553605252 1.23930886190587 1.1257943639552 1.02774249772686 0.942946562546732 0.869505455303838 0.805803550037526 0.750490357345394 0.702444918782208 0.660758559061038 0.624641634841338 0.593446253716528 0.566594916221423 0.543626839134038 0.524155973216223 0.507862260146466 0.494468204778434 0.483760496549381 0.475567982536028 0.46975211091597 0.466203464461835 0.464844862950994 0.465638322035492 0.468539007634621 0.473550677186172 0.480691468236207 0.489987628090403 0.501481454029547 0.515232388651362 0.531289016076412 0.549711171889595 0.570537806877525 0.593787463101254 0.619441387480722 0.647429082925007 0.677614272694174 0.709762603285291 0.74355123348229
3.20738807304488 2.79864423187349 2.45409776531053 2.16317097730009 1.91623705503187 1.7060711675894 1.52652658128214 1.37279549122779 1.24067085957923 1.12694968189379 1.02871241466145 0.943753931541477 0.870169877119742 0.806339405990859 0.750908425250468 0.702755237555192 0.660968229829509 0.624755735707275 0.593469125407634 0.566528405796395 0.54347205602563 0.523911977212807 0.507527052985108 0.494037159933473 0.483228542767466 0.474928822515703 0.468997645202487 0.465323505508848 0.463826923781989 0.46446821916887 0.467199144397796 0.472021001813172 0.478948590157041 0.488004689708284 0.499227989929342 0.512673163815592 0.528384234491345 0.546416334298691 0.566804146027897 0.589561861842898 0.614666880168001 0.642046040996721 0.671562598694544 0.702982976408242 0.735991020726256
3.22825401435214 2.81671537598941 2.46979961105095 2.17689957255414 1.92828991826465 1.71670219959731 1.53594132289064 1.38116900931887 1.24814731704206 1.13365201563702 1.03473858267478 0.949192918818934 0.875097917601438 0.81081921500159 0.754992306250178 0.706489194238338 0.66439071751213 0.627899181258498 0.59636205993997 0.56919377594609 0.545929671361013 0.526177693671542 0.509613971721615 0.495954193100388 0.484983011626658 0.47652585716032 0.470439699303785 0.466610171250935 0.464954818369777 0.465431821397653 0.467988935960043 0.47262461983774 0.479349905543825 0.488183640557821 0.49916039271349 0.512329522929823 0.527729688310664 0.545410361715441 0.565400792936693 0.587709242446708 0.612307224678585 0.639116381198007 0.667996461334106 0.698710857973435 0.730946199680769
3.26533673673683 2.84892320331327 2.49788405070694 2.20153173819117 1.94999118493773 1.7359134460428 1.55302340763637 1.39642839065363 1.2618377809681 1.14598988493576 1.04589984668251 0.959333961071452 0.88435268927523 0.819299634900552 0.762792925093705 0.713692618720931 0.671067282383942 0.634109090233604 0.602158428362886 0.574620951116263 0.55102642577908 0.530976877480892 0.514143945552373 0.500237496716854 0.489039438677143 0.480372017899299 0.474088617214642 0.470071201838922 0.468233618427396 0.468531463957282 0.470907868912949 0.475358042961473 0.481888802608066 0.490514585066341 0.501265325531696 0.51418453504274 0.529304728148537 0.546668816486466 0.566299564205263 0.588197862102052 0.612327507024296 0.638602683488594 0.666876971076089 0.696907353840128 0.728379924399539
3.31916945095236 2.89572958878739 2.53875253153283 2.23741843786621 1.98164903555413 1.76397680611537 1.5780136952094 1.41878791260026 1.28193364705914 1.16413493576205 1.06235061968911 0.974316520396901 0.898060656684591 0.831895737126891 0.774415311892331 0.724461684567496 0.681086239615839 0.643466756031773 0.610933263230364 0.582879316184272 0.558826593565619 0.538369134612835 0.521172293047254 0.506938382803178 0.495445383860975 0.48651132319957 0.479985035005775 0.47574395911384 0.473697460051778 0.473798094506015 0.475983681037481 0.480245756000719 0.486586431050362 0.495015230679483 0.505556934395545 0.518248651282385 0.53311597983465 0.550194392806077 0.569499195121919 0.591022564806507 0.614718898462884 0.640492873376354 0.668189531413683 0.697556409089954 0.728276254635757
3.39054060815565 2.95781851514772 2.59300065108662 2.28508124714662 2.02372230960515 1.80129782743763 1.61127217795955 1.4485685622113 1.30872233722528 1.18834563582824 1.08432415487738 0.994351986903994 0.916414215344847 0.848783298340485 0.790020636706486 0.738944712944576 0.694584553754976 0.656099047916493 0.622804482601691 0.594078775469329 0.569432884684097 0.548450676628606 0.530789330577371 0.516141746077888 0.504280748670214 0.495019048152774 0.488199898632004 0.48369529050365 0.481409240864511 0.481290794049374 0.48327169351992 0.487339342672893 0.49349060763774 0.501729557376242 0.512075260969866 0.524557841209974 0.539195184866902 0.55601444350744 0.575022539685991 0.596201659423763 0.619495208353405 0.644796467875983 0.671939814447995 0.700660570764357 0.730635789207879
3.48051289733801 3.03611250078289 2.66143240864652 2.34522478181454 2.07683139531118 1.84842532517263 1.65328648523782 1.4862055861715 1.34259402869791 1.21897329529623 1.11213794806314 1.01972854543507 0.939676093364642 0.870202794282563 0.80982984449275 0.757345491652731 0.711750877830278 0.672181199471875 0.637935457148959 0.60837212225634 0.582988636072398 0.56135635020374 0.5431222559442 0.527967813579496 0.515659403369523 0.506003239835748 0.498835876735327 0.494022846573574 0.491461848578834 0.491097924793822 0.492855885007688 0.496718496273499 0.502676770173642 0.51072872244539 0.520887110951052 0.533174438422479 0.547600039697435 0.564181833363405 0.582917464311078 0.603777870041181 0.626693938213462 0.651545775992072 0.678155156699546 0.706242631252092 0.735477611949826
3.59044928007701 3.13179513314049 2.74507977532718 2.41875378216328 2.14177321600984 1.90606458708585 1.70468356610394 1.53225887016926 1.3840509121697 1.25647035712936 1.1462011838075 1.05081788965904 0.968185429468485 0.896464919884931 0.834128683944065 0.779927871106404 0.732829765348869 0.691940676350019 0.656538573269604 0.6259583241017 0.599680848643664 0.577262448456949 0.558337753060603 0.542574557913455 0.529731422538225 0.519606786813506 0.512029272631142 0.506856841396443 0.503979772859206 0.503338597647927 0.504850215165315 0.508492198096634 0.51424900739438 0.522111935501419 0.532086765208877 0.544187675286782 0.558414537040864 0.574775064819808 0.593256731106848 0.61381795233824 0.636375582995939 0.660794833170711 0.68688306346133 0.714343624529552 0.742836687983035
3.72208398684118 3.24637397430785 2.8452586913244 2.50682323783588 2.21956633942468 1.97511817920236 1.76626678666097 1.5874468367373 1.43373832037014 1.30141912583699 1.18704137248818 1.088100044195 1.0023810206917 0.927972467048889 0.863288394438639 0.807035419493447 0.758140433197336 0.715675168135728 0.678892570395952 0.647099308928768 0.619756511327624 0.596402657453627 0.576657641235137 0.560173119490666 0.546698349953521 0.536022594051199 0.527965176937612 0.522375250063046 0.519134403004883 0.518178135803485 0.519414318821732 0.522814709657624 0.528356419464767 0.536023260896086 0.545813309953398 0.557731620480837 0.571767603340907 0.587917717779246 0.606158356273244 0.626434099358361 0.648646234537824 0.672643372682239 0.698216744330207 0.725050148680374 0.752793230356488
3.8774271305842 3.38159261346318 2.96348765078862 2.61076272269166 2.31138039243954 2.05661983827136 1.83895376062625 1.65258774115888 1.49238906855054 1.35447877272271 1.2352536765663 1.13211470880571 1.04275441061453 0.965174902654734 0.897721540489456 0.839048300899758 0.78803448148584 0.743710956268285 0.705301382687592 0.672079106304361 0.643481875021108 0.619027299373923 0.598317923261767 0.580986498808528 0.566771372090731 0.555451071474056 0.546834096920742 0.540759397513033 0.537098393013252 0.535781026751139 0.536704843007348 0.539835086489853 0.545140584413479 0.552596805649924 0.562193272510819 0.573925026344956 0.587769889009911 0.603711903667605 0.621715443388608 0.64170986543999 0.663579308971519 0.687154076808006 0.712207623010841 0.738401894553323 0.765375040714518
4.05903144405102 3.53967012743514 3.10170371932824 2.7322723077314 2.41871466630935 2.15189812567326 1.92392705361443 1.7287391493992 1.56095318138126 1.41650659528966 1.29161479714613 1.1835687510859 1.08995184895037 1.00866554597006 0.937975075353279 0.876472824485049 0.822982468118798 0.776486998830929 0.736176194219178 0.701284289233938 0.671221670027942 0.645481694253397 0.623646645923514 0.60532725009831 0.590249177029543 0.578178487905515 0.568911136028802 0.562274295840232 0.558127479189544 0.556394564988932 0.556961265099558 0.559785532792786 0.564826824935739 0.572051280039095 0.581438914588547 0.592973735083756 0.606620704936277 0.622350155011255 0.640113450376476 0.659823224723873 0.681344789654587 0.704488362081653 0.729007973797666 0.75454136689344 0.780714467161492
4.26989234282927 3.72320748693661 3.26217460430919 2.87333969628133 2.5433198056272 2.26250217711044 2.02256353242077 1.81713047565635 1.64053324123422 1.48849582496408 1.35702291162905 1.24327798157917 1.14471763345615 1.05912621646572 0.984676050054861 0.919887987085646 0.863521061575053 0.814502470960683 0.771983168832183 0.735151686625495 0.703386596017137 0.676153223030823 0.653010327992642 0.633543061344107 0.617462468253788 0.604520191617549 0.594497682931323 0.587208551358841 0.58249833263068 0.580284376404891 0.580438792744024 0.582911367783723 0.587650907480073 0.594613081002968 0.603767305329331 0.615085373659698 0.628517937860473 0.64402014917696 0.661529309296825 0.680939681478743 0.702095943807499 0.724786356207102 0.748743871153604 0.773579605232339 0.798906803632466
4.51356772404262 3.93529302421898 3.44759193651966 3.03632317821644 2.68727200476976 2.3902684174631 2.13649465678126 1.91921775610074 1.73243440427004 1.57162153443147 1.43254000822914 1.3122063991329 1.20793068508077 1.11736148999406 1.03856385834909 0.969975980367218 0.910282046959416 0.85834446972223 0.813270059195898 0.77419406584092 0.740458232095963 0.711495608652369 0.686837745780286 0.666040165120681 0.648797119607077 0.634843624816762 0.62394439427661 0.615897426468999 0.610531793550637 0.607757940508344 0.607432280897025 0.609495454199066 0.613884096451059 0.620542088063526 0.629426984892877 0.64049700290716 0.6536868073759 0.66893469597181 0.686162769192751 0.705245087898188 0.726003727446215 0.748202990391251 0.771553054138188 0.795635880948332 0.820051856472418
4.79433431896019 4.17964062062365 3.66119398322007 3.22406120341283 2.85307142803668 2.53740943893323 2.26768715516764 2.03675727009945 1.83823193370717 1.66730291004943 1.51944958157655 1.39151992985865 1.28065486894859 1.18434605432657 1.10053502523686 1.02756476749972 0.964032999114281 0.908727044070192 0.860703864788563 0.819036642250246 0.783024601966176 0.75206372771255 0.725654169337881 0.703317160635152 0.684727742145185 0.669601787064649 0.657684711580782 0.648756550212239 0.642626897473909 0.63919908378485 0.638311341823795 0.639894068535561 0.643869929254891 0.650169487137334 0.658736984460006 0.669515480050247 0.682421713095457 0.697375208340308 0.714281628946637 0.732992768892373 0.753305921151747 0.774959251027129 0.797638383964477 0.82089342740318 0.844311999962212
