file3.asc
NCOLS 282 
NROWS 201 
XLLCORNER 210603.385252414 
YLLCORNER 295450.363936035 
CELLSIZE 500 
NODATA_value -9999 
[rows 160 to 179 of 201, columns 0 to 44 of 282]
29.8528719432916 28.649213926814 27.5777423446398 26.6211231187502 25.7615414795283 24.9848289516366 24.2676003693755 23.6036452665805 22.9836616495577 22.3930911431973 21.821240923658 21.2588813211399 20.6982546294902 20.1332746648825 19.5595281444767 18.9871152737096 18.3913836910684 17.7849620193281 17.1705606494634 16.5521997420561 15.9348230746675 15.3238715683002 14.7249459996322 14.1434595772672 13.5843739214096 13.0520169339023 12.5505311401486 12.0836562838923 11.6503374497355 11.2537651312325 10.8948367338893 10.5740487163922 10.2914453175398 10.0469796870551 9.8407427215766 9.67195316863543 9.54070017934235 9.44694002296771 9.39342653979612 9.37716051376966 9.39864653153266 9.46144415478079 9.56467151193548 9.71145167750415 9.90435658354223
34.0056623644274 32.6321494341479 31.4092053444062 30.3168714674644 29.3349003357796 28.4470508924502 27.6273712279698 26.8681721248639 26.1585074392623 25.4821250881258 24.8268998266237 24.1823885667817 23.5397925220263 22.8922617298172 22.2348625492054 21.5800085126891 20.8981638849837 20.2045438404871 19.5023119512879 18.796101193778 18.0915736472176 17.3949387103631 16.7125647601188 16.0505886055315 15.4146193970414 14.8095362985881 14.2400936127979 13.7105236440777 13.2192937683558 12.7701714333437 12.3641483905739 12.001767193347 11.6830750276591 11.4080171314907 11.1767013452814 10.988281634835 10.8428874454774 10.7405198826146 10.6845286344733 10.6713901181281 10.7017597262181 10.7799597240774 10.904990577085 11.0806539864129 11.3100950773482
38.9333619059935 37.3578080605525 35.9546137443782 34.7007024095626 33.5729340451603 32.5526001666638 31.6107135715326 30.7378190471471 29.9210225181635 29.1420665441735 28.3871337106985 27.6443328610896 26.9036735457362 26.1573998964494 25.3999765746059 24.6467087259216 23.8620320001864 23.0643636191272 22.2574150108549 21.4465526874668 20.6382933381623 19.8397563799837 19.0582156475103 18.3006583597581 17.5734518320715 16.8821180492855 16.2321536324771 15.6283493669702 15.0685495260638 14.5572304645895 14.0954879220625 13.6839133672266 13.3225507254405 13.0113324931713 12.7503827611263 12.5387780165626 12.3766951653523 12.264188388055 12.2053359118042 12.1959696181263 12.236925223233 12.3334564206552 12.4844134518685 12.6944239972601 12.967329055612
44.8020874851961 42.9853161564225 41.3668319994796 39.9198394628427 38.6177475448612 37.4388996826079 36.3507101194163 35.341604504202 34.3963705270557 33.4943704190213 32.6197811485494 31.7589990634812 30.9006296401188 30.0358559205349 29.1584449471185 28.2873292657873 27.3794681958993 26.4572583706319 25.5250748698729 24.5891643749249 23.6570630201945 22.7369708450789 21.8372328227382 20.9658385940892 20.1300459407486 19.3361288976445 18.5904787446952 17.8985401670347 17.2573350273445 16.6722169439986 16.1443969177203 15.6745235826542 15.262625030075 14.9086142560267 14.6126340570837 14.3736702595984 14.1919562842368 14.0676119266205 14.0056125147802 14.0009959903264 14.0548167779675 14.1734739699099 14.3556277634384 14.6069186051789 14.932038967727
51.8178944628907 49.712021353935 47.8354015301812 46.1567852060487 44.6454491457646 43.2762010457386 42.012176069066 40.8392451640654 39.7394247864075 38.6892435502182 37.6704931061791 36.6675378672193 35.6673237705203 34.6597873823028 33.6378852347907 32.6251170964219 31.5691299947204 30.4972862142562 29.4147675193661 28.3288803382242 27.2483809783396 26.1827569441959 25.1416244064285 24.1341582682444 23.1686652635389 22.2523017249798 21.3925527410682 20.5956134878072 19.8574282286417 19.1844426388232 18.5779952742479 18.0387878298105 17.5668320740406 17.1620143559459 16.8244932348867 16.553147973302 16.3482793531318 16.2100881698702 16.1446581339953 16.1460442609404 16.2155697399545 16.3610392115941 16.5808716323664 16.881949962997 17.2700066378787
60.2373608672006 57.7836268301042 55.5962720584349 53.638689951512 51.8751906827123 50.2763249962392 48.8001230509195 47.4293624913811 46.1427327211 44.9133784675204 43.7202444613518 42.5452759628568 41.3734511374521 40.1932379997766 38.9966494784766 37.8129573783117 36.5781584951246 35.3258369226564 34.0621583862706 32.7957274055818 31.5367343434023 30.2962201921961 29.0853147618057 27.9145989304525 26.7936189279968 25.7305692788107 24.7342825619251 23.8118111287165 22.957687393377 22.1797248385839 21.4794031422485 20.8574762446079 20.3139337520453 19.8486243944982 19.4617226770743 19.151983996309 18.9197920797569 18.7654509504026 18.6964230212609 18.7055458419568 18.7944701054752 18.9727555877586 19.2385159008021 19.6001764697454 20.0647603086466
70.3811342090552 67.5071483733031 64.944227593545 62.6492963239394 60.5806721908275 58.703760509698 56.9704796090376 55.3598459411746 53.8465377406801 52.3997260583127 50.9948020170049 49.6108867713465 48.2306628882642 46.8407839615674 45.4321988464479 44.0415022703075 42.5900509972239 41.1192575926065 39.6365100676216 38.1519345257074 36.6775009951429 35.2260971828386 33.8106612177378 32.4434472588232 31.1354710015667 29.8961526609586 28.7359987319363 27.6630344336083 26.6699422341674 25.7662609049044 24.9536276918116 24.2328505763715 23.6038881858111 23.0665426076636 22.6210083244049 22.2659012285025 22.0017135064064 21.8288877873368 21.7566177828737 21.7762343059307 21.889805264935 22.1090960666878 22.4318507302824 22.8684372723908 23.4275099235712
82.6514017752209 79.2676215792394 76.2497197254488 73.5453037304048 71.1061200101891 68.8913342213516 66.8455242471046 64.9431195839187 63.1539471109461 61.4423094950844 59.7794942202704 58.1411617452043 56.5072019564834 54.8622061457118 53.1958332848738 51.5540017771496 49.8395709072914 48.1038387901908 46.3556637429435 44.6070511247234 42.8720981876854 41.1659087844719 39.5035838889869 37.899372786178 36.3660378662844 34.9144514736552 33.5572197941908 32.3034643756214 31.1434400480419 30.0888809486828 29.1416032775958 28.3024726991445 27.5714075400519 26.9481534168951 26.4329306127094 26.0241964573123 25.7225822393965 25.5287107584556 25.4539553553931 25.4877560145605 25.6326975153657 25.9033120015167 26.2968619900912 26.8261376733014 27.5018157513419
97.5560984410639 93.5515906374216 89.9788704223393 86.7753827963804 83.8843413350259 81.2573136779277 78.8306099125601 76.5730787056536 74.44722157969 72.4123520933395 70.4348144588172 68.486110424137 66.54278675136 64.5869799778074 62.6068301898966 60.6601794987194 58.6263886640132 56.5692931992618 54.4995443390197 52.4314239322061 50.3815953892719 48.3678279774942 46.4078180558859 44.5182049499528 42.7138411379238 41.0073359564745 39.41397068564 37.9441063352854 36.5848184563076 35.3506868358579 34.243764349568 33.2650164331257 32.4143540497339 31.6915066564726 31.0967899600676 30.6285504019687 30.2876823851533 30.0751415164628 30.0052006485375 30.0650249546872 30.2580037600181 30.6023880304667 31.095024141918 31.7520483651243 32.5870205043305
115.734383994188 110.9705812923 106.718523772456 102.903846628388 99.4590517885443 96.3264064386297 93.4354298112952 90.7452645055775 88.2071502237726 85.7764089028323 83.4135860296669 81.0851862602534 78.7637598092997 76.4285313592066 74.0658663042213 71.7489406440815 69.3271300929815 66.8802566637911 64.4211733108166 61.9669342449194 59.5373124523949 57.1532965855944 54.8357116195977 52.6040758797257 50.4757616717794 48.4654792038065 46.5919756164852 44.867023353283 43.2735434030317 41.8298850996682 40.5384777986518 39.4005232319314 38.4160681877485 37.5849994179002 36.9079639516772 36.3834305937461 36.0129234781948 35.7981738173349 35.7576405673774 35.876004467641 36.1582435881655 36.6281530453045 37.2828057376588 38.1436921764873 39.2293284723646
137.994806796058 132.297760058185 127.210209443201 122.643289954189 118.516354109427 114.760235735202 111.293438883736 108.066349395364 105.017748818443 102.09572294968 99.2541928154486 96.4535944615641 93.6616557558603 90.8541258845123 88.0153011030163 85.2381020145938 82.3336492185604 79.4022338464909 76.4594867304693 73.5259142659435 70.6251260148752 67.782051723509 65.0213174541247 62.3659111506702 59.836213384341 57.4494127776088 55.2286474968366 53.1871029851859 51.3021935676241 49.5970122842794 48.0743216671674 46.7354797476343 45.5805636595378 44.6095061588135 43.8231952136659 43.220092339309 42.8022955275842 42.5722708990002 42.5534084530637 42.7269945042129 43.0996174254781 43.7015217308568 44.5295687173594 45.6112906456428 46.970641557011
165.373056630867 158.524481360145 152.405487126435 146.90933935479 141.939189967991 137.411768375427 133.235528024258 129.340527025254 125.658238501548 122.126679297633 118.690975276816 115.304173908606 111.928161884983 108.534513513339 105.105083080606 101.758323620714 98.2561881769735 94.7252685304078 91.1846539800735 87.6591112908359 84.1769557395566 80.7679264272267 77.4612660558239 74.2841564511789 71.260595212083 68.4107320547308 65.7633827231742 63.3331038082674 61.090025250942 59.0633648177741 57.2562288595022 55.6701058881049 54.3050546511733 53.1610087356225 52.2390919173552 51.5377109593076 51.0596045547328 50.8080765367721 50.8126559246992 51.0501807514662 51.529096757225 52.2876139675293 53.3220549635167 54.6672865338875 56.3537575617833
199.190164626461 190.914480294795 183.516527306498 176.867454394757 170.850368248239 165.364525536216 160.300078335769 155.572540102176 151.09949705153 146.80655352355 142.628022041434 138.507900545171 134.400962179057 130.27374601356 126.105224393133 122.046978213915 117.797567157937 113.517525221716 109.230297664915 104.96596348255 100.758662615123 96.6440491281122 92.6570077653971 88.8298101957692 85.1908072162744 81.7636733640364 78.5845779583031 75.6691918675272 72.9779900910802 70.5480382797725 68.3826970721783 66.4834368510594 64.850106808916 63.4824363351524 62.3816054537204 61.5457192093743 60.9780114788059 60.682487910367 60.6959595663247 60.9891831725733 61.5723368592215 62.492882884792 63.7456102644151 65.3734978596767 67.4138172750336
241.14130287889 231.089136630049 222.098263290536 214.01233949278 206.689562547793 200.007451807911 193.833517959372 188.065216515201 182.602952344201 177.357007691689 172.248387546447 167.209998971547 162.187949108235 157.142703784114 152.049836394679 147.104124589354 141.921920363138 136.707756331275 131.490547470934 126.3069827012 121.198402647744 116.207734448201 111.376766006691 106.743965634456 102.342955434444 98.2016511299828 94.3659171488055 90.8520810242 87.6078317707515 84.6805232387474 82.0737638398337 79.788948608371 77.8256317618909 76.1832653028797 74.8630810353358 73.8628247530487 73.1863506766669 72.8385588751645 72.8655866635653 73.2303751078158 73.945273884846 75.0695702117347 76.5960114525487 78.5778970098472 81.0611427014164
293.41028729516 281.136846438586 270.153123232836 260.268450721781 251.309937637934 243.127944998698 235.561851345203 228.486598858929 221.781247030182 215.337087841568 209.058685016188 202.865302044021 196.692452388599 190.493255875542 184.239274298359 178.181841863056 171.830215576059 165.446212267601 159.065640152863 152.733443293011 146.499896765072 140.416902760491 134.534724579264 128.89939951096 123.550952257608 118.522415532824 113.87255155008 109.617462955631 105.687874066088 102.144704348473 98.9917874058945 96.2303599115838 93.8595666254185 91.8784862307537 90.2883954727472 89.0866141929346 88.2777809906206 87.8679444820361 87.9152429295138 88.3725343251484 89.2549073795108 90.636836648404 92.5083534027217 94.9359565385313 97.976575684388
361.329094804562 346.332529939132 332.916467317596 320.846082361239 309.908113326119 299.917225905357 290.675483350855 282.027383537655 273.822759959571 265.926509591522 258.220008078354 250.603015691072 242.995729720806 235.340573874815 227.603300997856 220.114364477962 212.234098525353 204.305209241345 196.37448855166 188.500054858788 180.746474020337 173.18003471102 165.864610665919 158.858413694324 152.211784559586 145.966020045827 140.199515648882 134.927651784041 130.057805623586 125.670477990595 121.769957967406 118.357311515053 115.431106035981 112.989854090118 111.034814996451 109.562683449805 108.579117425558 108.091722441478 108.175230829526 108.768603149016 109.890767076726 111.637345443477 113.994774283092 117.048068698271 120.869732132368
443.977145305309 425.470887319084 408.904261301456 393.988012239156 380.459546932773 368.090283256946 356.637894708775 345.911045166404 335.725769430331 325.916984032005 316.340232634799 306.874001801547 297.422177358565 287.916136859566 278.315963413791 269.051462674805 259.296771889808 249.494338717063 239.702464794318 229.992796995938 220.444345204553 211.13774172576 202.150259661501 193.551945714761 185.403030514838 177.752600178203 170.702921101669 164.264979890211 158.315831027777 152.960286217059 148.202744788502 144.043820913412 140.481294771776 137.512992145601 135.140177456586 133.358936321874 132.176216677358 131.601573751166 131.730113380462 132.483641109519 133.885587980597 136.057304987593 138.980404818603 142.762130025707 147.493438610098
552.210256710355 529.483489517354 509.168680486054 490.906885268572 474.371542685163 459.276984336572 445.321135132952 432.262785509918 419.869465299926 407.931336181496 396.263554888555 384.709449427571 373.143964034721 361.476714892213 349.653965918527 338.245218228426 326.150755437701 313.955670010549 301.734944458213 289.581674963609 277.599264374769 265.893839385179 254.567601464933 243.713611069846 233.412247234896 223.729340228615 214.808576514319 206.656543599025 199.108778876534 192.309408663017 186.265092958394 180.977323205411 176.443790004272 172.661979825829 169.633490596257 167.353630023873 165.831091542119 165.077982240052 165.218562885738 166.14917846036 167.89918460644 170.626502152594 174.304976847636 179.073126577057 185.047598447069
686.1127956478 657.863036677898 632.614747311193 609.922220239755 589.38006529691 570.633045206657 553.307629205086 537.103855570134 521.733194087032 506.935083823379 492.479805012472 478.172368396722 463.856755858863 449.419704907488 434.793186517149 420.725766537811 405.768633101476 390.685718214613 375.568625971222 360.531681643212 345.702320633943 331.211720138427 317.186552487412 303.742484886793 290.979735145132 278.9806913599 267.941580671992 257.856495886907 248.505605603028 240.084138679831 232.60150046745 226.060675927319 220.460016587182 215.797606843042 212.076639072146 209.292856194507 207.458538800854 206.590497894618 206.852338590181 208.108722512988 210.39792548964 213.926979757439 218.660829068725 224.780230508944 232.436845156841
856.193512132484 820.829962552115 789.212855834112 760.785560095084 735.042073091273 711.538462775895 689.810869333009 669.485173975028 650.202714632038 631.640088998479 613.512666373187 595.57932689659 577.647599518215 559.578202219322 541.287942777154 523.764582553353 505.100579819408 486.297014301068 467.467291722951 448.752550967037 430.309818515775 412.300500854704 394.880284309977 378.191197489353 362.356205459335 347.476337251022 333.818198140382 321.351311128293 309.781152853487 299.370368214788 290.130871957447 282.066853164952 275.177083159397 269.460199783729 264.921372888624 261.557147921133 259.384647386104 258.427125992228 258.900002296841 260.62699816401 263.658394672941 268.266079911342 274.40383101848 282.308375882021 292.177985166632
