file2.asc
NCOLS 282 
NROWS 201 
XLLCORNER 210603.385252414 
YLLCORNER 295450.363936035 
CELLSIZE 500 
NODATA_value -9999 
[rows 36 to 53 of 201, columns 0 to 40 of 282]
2.2251422076166e-11 2.3661549770054e-11 2.51111716125011e-11 2.65987990199757e-11 2.8117515382233e-11 2.96664394809704e-11 3.1238305999351e-11 3.28317014576977e-11 3.4439243307358e-11 3.60575515826487e-11 3.76786630036927e-11 3.92986192204674e-11 4.09129587735001e-11 4.25153490461115e-11 4.40983966393251e-11 4.56576587828956e-11 4.71875595410873e-11 4.86826710122384e-11 5.01390651831696e-11 5.15494422925439e-11 5.29102336880601e-11 5.42171560544555e-11 5.54663378513209e-11 5.66543635071404e-11 5.77783131038658e-11 5.88357969033827e-11 5.98249841293126e-11 6.07446254907714e-11 6.15940690178258e-11 6.23755231568979e-11 6.30854911656535e-11 6.37270992848595e-11 6.43019778925365e-11 6.48125259564657e-11 6.52616234656077e-11 6.56526549979525e-11 6.59894756025238e-11 6.62763597579166e-11 6.6517950276161e-11 6.67192014887462e-11 6.6885318474384e-11
2.19299436621008e-11 2.33215718056804e-11 2.47524262057933e-11 2.62211367743842e-11 2.77207859201704e-11 2.92506656944737e-11 3.08035116023663e-11 3.2378097772265e-11 3.39671114917906e-11 3.55672552653066e-11 3.71706508258594e-11 3.87734849645304e-11 4.03714691527055e-11 4.19583393462156e-11 4.35267603912632e-11 4.50724549823739e-11 4.65899622539174e-11 4.80739674941742e-11 4.95207191242356e-11 5.09229056402877e-11 5.2277116322552e-11 5.35791659660651e-11 5.48252754925157e-11 5.60121155089899e-11 5.71368454170707e-11 5.81971474295751e-11 5.91912549131119e-11 6.01179745465422e-11 6.09767018672018e-11 6.17697085473045e-11 6.24934839483069e-11 6.31512062492394e-11 6.37444996100345e-11 6.42757753356428e-11 6.47479087604613e-11 6.51642707079128e-11 6.5528694926964e-11 6.58454264960761e-11 6.61190712418226e-11 6.63545392622548e-11 6.65569845069832e-11
2.1569253483677e-11 2.29399006557646e-11 2.43494387412219e-11 2.57966195319618e-11 2.72745367756634e-11 2.87826590202793e-11 3.03137346978136e-11 3.18667299323712e-11 3.34344181110206e-11 3.50135860754966e-11 3.65964582928981e-11 3.81793749264079e-11 3.97582318960966e-11 4.13268438694552e-11 4.28779476253272e-11 4.44074422168483e-11 4.59099935385319e-11 4.73804116132653e-11 4.8815132896594e-11 5.02068445456998e-11 5.15523045251095e-11 5.28474356916976e-11 5.40885607373053e-11 5.52724450219614e-11 5.63963350232812e-11 5.74579917663788e-11 5.84557186582573e-11 5.93883832211617e-11 6.02554322996976e-11 6.1059198832135e-11 6.17961681960242e-11 6.24695682273923e-11 6.3081013871572e-11 6.36329278301488e-11 6.41281777329488e-11 6.45701163680415e-11 6.49625509505562e-11 6.53096908734119e-11 6.56160977389518e-11 6.58866292909569e-11 6.61263794266576e-11
2.11716092240116e-11 2.25189323640532e-11 2.3904746966389e-11 2.53279294606458e-11 2.6781597280432e-11 2.82653977822893e-11 2.97721043954357e-11 3.13008786200574e-11 3.28445959621465e-11 3.44001287514177e-11 3.59598215518732e-11 3.75201753127185e-11 3.90772810219071e-11 4.06250416878848e-11 4.21562793546738e-11 4.36670794043278e-11 4.51522455001642e-11 4.66067232668839e-11 4.80271478509827e-11 4.94062153123284e-11 5.07408621823823e-11 5.20271287116484e-11 5.3261448075181e-11 5.44406883936087e-11 5.55621904418505e-11 5.66238004180084e-11 5.76238972032029e-11 5.85614136121599e-11 5.94358512131116e-11 6.02496017844262e-11 6.09991565586408e-11 6.16877905013248e-11 6.23171059329772e-11 6.28895359382476e-11 6.34079372763179e-11 6.38756403260904e-11 6.42964205025856e-11 6.46744452302242e-11 6.50142246903786e-11 6.53205562320081e-11 6.55984648938227e-11
2.07393613977217e-11 2.20611567190931e-11 2.34209825704418e-11 2.48178420675206e-11 2.62448885746328e-11 2.77019495715153e-11 2.91818353947771e-11 3.06839052075119e-11 3.22011522562709e-11 3.37305347472229e-11 3.52645341887091e-11 3.67998188231746e-11 3.83326843142864e-11 3.98571310531444e-11 4.13660792317349e-11 4.28558095244906e-11 4.43212736188549e-11 4.57575628699836e-11 4.71615207660306e-11 4.85258623379522e-11 4.98477116660479e-11 5.11232351019012e-11 5.23489844342852e-11 5.35219380157956e-11 5.46395376539176e-11 5.56997206482072e-11 5.67009464121307e-11 5.76422171855884e-11 5.85230924212323e-11 5.93460200228268e-11 6.01075069569733e-11 6.08108727616673e-11 6.14577035010239e-11 6.2050441781073e-11 6.25919304441398e-11 6.3085473239698e-11 6.35348087447558e-11 6.39440564043988e-11 6.43176681014666e-11 6.4660373112144e-11 6.49771192126948e-11
2.02750241790258e-11 2.15692378107309e-11 2.29009625045888e-11 2.4269329394111e-11 2.56675398569626e-11 2.70956018089542e-11 2.85463741868503e-11 3.00194149995085e-11 3.15078503688024e-11 3.30087240272297e-11 3.45146706610581e-11 3.60225313754691e-11 3.75288150462108e-11 3.902762786664e-11 4.0512000547752e-11 4.1978416958488e-11 4.34219862570985e-11 4.48379548637161e-11 4.6223383186358e-11 4.75710150877951e-11 4.8878170215115e-11 5.01411490517588e-11 5.13566294977531e-11 5.25217070246655e-11 5.36339306764923e-11 5.46913343083398e-11 5.56924625101559e-11 5.66363907286071e-11 5.75227391755251e-11 5.83540088813606e-11 5.91267323896103e-11 5.98442712392635e-11 6.05081913638516e-11 6.11209441803646e-11 6.16853556889837e-11 6.22046989464461e-11 6.26826708940264e-11 6.31233372750594e-11 6.35310851370978e-11 6.39105683950196e-11 6.4266649592762e-11
1.97812515161471e-11 2.10459887284827e-11 2.2347662237784e-11 2.36855318097616e-11 2.50528586975142e-11 2.64498305697505e-11 2.78693663829555e-11 2.93112230711929e-11 3.07686741938266e-11 3.22388479538579e-11 3.37145477414109e-11 3.51927921341772e-11 3.66703106342946e-11 3.81413230071237e-11 3.95989822846425e-11 4.10399823263456e-11 4.24595983515255e-11 4.38532403374523e-11 4.52181930601699e-11 4.65472388358987e-11 4.7837899877447e-11 4.90866181078881e-11 5.02902043581756e-11 5.14458774784329e-11 5.25512993809384e-11 5.36046054177922e-11 5.46044295501042e-11 5.55499238296887e-11 5.64407717877366e-11 5.72795243053415e-11 5.80627492323905e-11 5.87938475385813e-11 5.94743608885751e-11 6.01067489488506e-11 6.06938180722636e-11 6.12388067170459e-11 6.17453656399728e-11 6.22175014612876e-11 6.26595302148253e-11 6.30760235773327e-11 6.34717513515201e-11
1.92608123945189e-11 2.04943453495787e-11 2.17641880408028e-11 2.30697287699016e-11 2.44043002502342e-11 2.57682682398238e-11 2.7154622807303e-11 2.85633187994442e-11 2.99877911210002e-11 3.14252507256814e-11 3.28686844374013e-11 3.43152919435162e-11 3.57620296241743e-11 3.7203237915683e-11 3.86322033516027e-11 4.00458354373208e-11 4.143958314701e-11 4.2809027624322e-11 4.41516842836605e-11 4.54603832488429e-11 4.67328552319707e-11 4.79656901405807e-11 4.91558378394027e-11 5.03006461516208e-11 5.13978948813798e-11 5.24458252725145e-11 5.34431643707578e-11 5.43891438190692e-11 5.5283512687302e-11 5.6128868162398e-11 5.69218229399228e-11 5.76658148665981e-11 5.8362356914702e-11 5.9013916583774e-11 5.96232778917212e-11 6.01936409479031e-11 6.07286060306003e-11 6.12321155257294e-11 6.1708408646686e-11 6.21619683846691e-11 6.25974647751705e-11
1.87165655713598e-11 1.99173395584879e-11 2.11537486601206e-11 2.24253089204979e-11 2.37254357664397e-11 2.50546704267031e-11 2.64060847955684e-11 2.77798295502893e-11 2.91695141177254e-11 3.05724298684136e-11 3.1981760911913e-11 3.33948907059733e-11 3.4809007567359e-11 3.62185790173036e-11 3.76170356032141e-11 3.90015069667773e-11 4.03676226026553e-11 4.1711141514617e-11 4.3029814810346e-11 4.43165294825353e-11 4.55692295736195e-11 4.6784658724257e-11 4.79599111862614e-11 4.90924686533788e-11 5.01802332061663e-11 5.12215557987447e-11 5.22152597658665e-11 5.31606588893217e-11 5.40575696323121e-11 5.49086316845213e-11 5.5710511860511e-11 5.64666823622346e-11 5.71786227404563e-11 5.78488080509986e-11 5.84799974026712e-11 5.90753489562686e-11 5.96384084753302e-11 6.01730493158059e-11 6.06834284449423e-11 6.11739341634951e-11 6.16491302135491e-11
1.81514341032115e-11 1.93180722387983e-11 2.05196267421524e-11 2.17557399292285e-11 2.30199208101811e-11 2.43128825457514e-11 2.56277891410865e-11 2.69649839845851e-11 2.83182633992582e-11 2.96849962817316e-11 3.10585769258916e-11 3.24365742493217e-11 3.38164123511921e-11 3.51926915591768e-11 3.65589962370936e-11 3.79126794747004e-11 3.92495571009748e-11 4.05655717335753e-11 4.18587139859322e-11 4.31219364656042e-11 4.43534002462032e-11 4.5550007627712e-11 4.67090018265664e-11 4.78280025816318e-11 4.89050379699674e-11 4.99385718736827e-11 5.09275265882287e-11 5.1871300121196e-11 5.27697777982907e-11 5.36256377627565e-11 5.44356098817043e-11 5.52031982374102e-11 5.5929843905181e-11 5.66180293532454e-11 5.72704863152305e-11 5.78903275472002e-11 5.84810405197604e-11 5.90464250809343e-11 5.95905509124389e-11 6.01177060708131e-11 6.06323419902409e-11
1.75683799818294e-11 1.86996863718777e-11 1.98651503616975e-11 2.10645384169626e-11 2.22914635690536e-11 2.35468064955686e-11 2.4823833122794e-11 2.61230754363963e-11 2.74385281614554e-11 2.87676343367537e-11 3.01040103185468e-11 3.14454112162353e-11 3.27894995351774e-11 3.41310134374874e-11 3.54637001606707e-11 3.67851383725217e-11 3.8091335083157e-11 3.9378421321694e-11 4.06446297610316e-11 4.18829870347456e-11 4.30918738003478e-11 4.42683551017024e-11 4.54098269020707e-11 4.65140504172803e-11 4.75791827567339e-11 4.86038033277696e-11 4.95869355062622e-11 5.05280631332121e-11 5.14271414626156e-11 5.22868828099599e-11 5.3104088617731e-11 5.38822924350289e-11 5.46228914654283e-11 5.53283755706109e-11 5.60014467444981e-11 5.6645169016418e-11 5.72629680417446e-11 5.78585659991441e-11 5.84359406332444e-11 5.89992746579271e-11 5.9552901703665e-11
1.69703791826672e-11 1.80653405650202e-11 1.91936649961659e-11 2.03552403503032e-11 2.15437936406928e-11 2.27603678224536e-11 2.39983400345973e-11 2.52584258035662e-11 2.65348288354387e-11 2.78250625030975e-11 2.91229760233072e-11 3.04265104939769e-11 3.17335682298102e-11 3.30390295669502e-11 3.43368128989011e-11 3.56247234268782e-11 3.6898963215033e-11 3.81558555372568e-11 3.93938764154358e-11 4.06061345686607e-11 4.1791231634866e-11 4.29463986326785e-11 4.40691872462328e-11 4.51575028439535e-11 4.62096339051509e-11 4.72242773247493e-11 4.82005591121735e-11 4.91380500553861e-11 5.00367759845265e-11 5.08994788894241e-11 5.1723039832713e-11 5.25110194921361e-11 5.32647654455674e-11 5.39867750450426e-11 5.46797182744782e-11 5.53466072372606e-11 5.59908025027364e-11 5.6615944731152e-11 5.72259154641714e-11 5.78247874299197e-11 5.84167714802759e-11
1.63607655460261e-11 1.7418584674691e-11 1.8508942923359e-11 1.96318462762677e-11 2.07811451831969e-11 2.1958038872943e-11 2.31560244153658e-11 2.43759949099645e-11 2.56123725988518e-11 2.68627369683242e-11 2.81211796839762e-11 2.93858266263204e-11 3.0654819997994e-11 3.19231858368787e-11 3.31850210231216e-11 3.44383569180836e-11 3.56795933506178e-11 3.69052485014856e-11 3.81140415485927e-11 3.92991707509801e-11 4.04594587156644e-11 4.15923045421587e-11 4.26954175180795e-11 4.37668487903721e-11 4.4805019546006e-11 4.58087451877712e-11 4.67772550348443e-11 4.77102071308493e-11 4.86076978034879e-11 4.94724937275608e-11 5.03015628058862e-11 5.10984903221602e-11 5.18645678446675e-11 5.26023001750206e-11 5.33143228780379e-11 5.40035928372368e-11 5.4673402328637e-11 5.53273067934553e-11 5.59690875539726e-11 5.66027030577829e-11 5.72322368476294e-11
1.57428767608336e-11 1.67629748710415e-11 1.78147655426419e-11 1.88983690647986e-11 2.00077682422958e-11 2.11443118821688e-11 2.23016250971704e-11 2.34807717523487e-11 2.467640111394e-11 2.58861542241098e-11 2.71043735313801e-11 2.83293675225508e-11 2.95595170565391e-11 3.07899965949117e-11 3.20150878529589e-11 3.3233046661962e-11 3.44404721548883e-11 3.56340788971941e-11 3.68128275396055e-11 3.79700126922458e-11 3.91046764944749e-11 4.02143870786582e-11 4.12970120937495e-11 4.23507490043906e-11 4.33741520026282e-11 4.43661550336145e-11 4.53260904790174e-11 4.62537030930003e-11 4.71491588448643e-11 4.80152435880197e-11 4.88490183589163e-11 4.96540903083685e-11 5.04316879284879e-11 5.11843232390487e-11 5.19145947889736e-11 5.26254007998281e-11 5.33199620658198e-11 5.40017452135211e-11 5.4674427539118e-11 5.53418492276795e-11 5.60079623957209e-11
1.51179755943724e-11 1.60998064607005e-11 1.71124559636705e-11 1.81561542801808e-11 1.92250248317887e-11 2.03205586732405e-11 2.14365164929962e-11 2.25741254930475e-11 2.37282695798149e-11 2.48966468594423e-11 2.60738580318775e-11 2.72583916083215e-11 2.84488652169378e-11 2.96406044073301e-11 3.08280819158363e-11 3.20097760078353e-11 3.31824865418937e-11 3.43431259122776e-11 3.5490894324623e-11 3.66191902160539e-11 3.77272738164466e-11 3.88128835705623e-11 3.98740466657291e-11 4.09091079323101e-11 4.19167554602231e-11 4.289604244905e-11 4.38464048499694e-11 4.47676744069758e-11 4.56600867619573e-11 4.65264425843725e-11 4.73639029582837e-11 4.81760954998805e-11 4.89641793402392e-11 4.97306746681291e-11 5.04781415084361e-11 5.12094169866854e-11 5.19276482834638e-11 5.26362106203812e-11 5.33386744260779e-11 5.40387585568578e-11 5.47402804434752e-11
1.44897581080375e-11 1.54330315927468e-11 1.64062319477525e-11 1.74096944418249e-11 1.84376907926421e-11 1.94918464301076e-11 2.05660644612919e-11 2.1661727273527e-11 2.2773959836808e-11 2.39005125669274e-11 2.50362504683288e-11 2.61798384880508e-11 2.73301277439516e-11 2.84825965992617e-11 2.96319137931248e-11 3.07767765251563e-11 3.19141854178845e-11 3.30412507166466e-11 3.41574085386442e-11 3.52561676450956e-11 3.63370032033283e-11 3.73978237667519e-11 3.84368157657707e-11 3.94524709941392e-11 4.04436109152017e-11 4.1409407322043e-11 4.23493989246303e-11 4.32635034843533e-11 4.41520251713682e-11 4.50177742454755e-11 4.58580173525457e-11 4.66764006162015e-11 4.74740064880029e-11 4.82533637408617e-11 4.9016991866608e-11 4.97676640107416e-11 5.0508451368375e-11 5.12426350397406e-11 5.19736757577721e-11 5.27051681370235e-11 5.34407919555875e-11
1.38609386460974e-11 1.476553524869e-11 1.56991535787912e-11 1.66622288110699e-11 1.76491879960477e-11 1.86617826015875e-11 1.96940643089979e-11 2.0747561967864e-11 2.18176469263834e-11 2.29021171164484e-11 2.39961066584847e-11 2.50984526259456e-11 2.62082352790547e-11 2.73210869312369e-11 2.84318764677989e-11 2.95395155230431e-11 3.06412046248602e-11 3.17342509977758e-11 3.28183218865749e-11 3.38870424665419e-11 3.49400986299817e-11 3.59755680185211e-11 3.69917952298615e-11 3.79874178808146e-11 3.89613895941381e-11 3.9912999459941e-11 4.08418875598568e-11 4.17480561876302e-11 4.2631876452655e-11 4.34961628525533e-11 4.43382923664071e-11 4.51619277900323e-11 4.59680671845586e-11 4.6759248374778e-11 4.75379483588262e-11 4.83068734582313e-11 4.90690167119603e-11 4.98275626345148e-11 5.05858597618635e-11 5.13473759529252e-11 5.21156508343943e-11
1.32341204316918e-11 1.4100085185993e-11 1.49941575627371e-11 1.5916867121484e-11 1.68628026200718e-11 1.78338328477072e-11 1.88241635056648e-11 1.98354607011237e-11 2.08633463546675e-11 2.19056611584275e-11 2.29578119151504e-11 2.40188028538497e-11 2.50879380190095e-11 2.61610042536022e-11 2.72330738986181e-11 2.83032675835606e-11 2.93689840222957e-11 3.04277256873312e-11 3.14793850798893e-11 3.25177094668695e-11 3.35425902397427e-11 3.45522723180249e-11 3.5545256634639e-11 3.65203247725219e-11 3.74765606287474e-11 3.84133686738686e-11 3.93304884100102e-11 4.02280046748303e-11 4.11063534892761e-11 4.19683481306276e-11 4.28114799069097e-11 4.36394265792504e-11 4.44530937211449e-11 4.52550287157857e-11 4.60476641476186e-11 4.68336366918484e-11 4.76158592493759e-11 4.83974175199789e-11 4.9181545650101e-11 4.99715826087805e-11 5.07709258202694e-11
