file1.asc
NCOLS 282 
NROWS 201 
XLLCORNER 210603.385252414 
YLLCORNER 295450.363936035 
CELLSIZE 500 
NODATA_value -9999 
[rows 36 to 53 of 201, columns 82 to 122 of 282]
1.39223945369798e-10 1.42048769145696e-10 1.44761816428645e-10 1.47318409379639e-10 1.4967290443678e-10 1.51773232353804e-10 1.53569336282634e-10 1.55003000863804e-10 1.56017204287457e-10 1.56587857040839e-10 1.56672462233436e-10 1.56252429587203e-10 1.55319207515413e-10 1.53878152029677e-10 1.51948547768635e-10 1.49570707541912e-10 1.46787850826029e-10 1.43667371774493e-10 1.40282951316639e-10 1.36725808087955e-10 1.33113897319416e-10 1.29514780371329e-10 1.26042792114345e-10 1.22828586437576e-10 1.19975450598951e-10 1.1759844181598e-10 1.15806011488561e-10 1.14700535632247e-10 1.14380936620624e-10 1.149382469889e-10 1.1644968435844e-10 1.18990213375038e-10 1.22605987751647e-10 1.27346368509249e-10 1.33240134072171e-10 1.40309972475689e-10 1.48550659327607e-10 1.57960152573707e-10 1.6851176197281e-10 1.80176460629595e-10 1.92866576579121e-10
1.47362009441703e-10 1.50575591419781e-10 1.5366485960766e-10 1.56579550383011e-10 1.59268279528075e-10 1.61672785575465e-10 1.63737492550795e-10 1.65399024835523e-10 1.66595889395373e-10 1.67299440318007e-10 1.67463901941891e-10 1.67067767064348e-10 1.66100824353668e-10 1.64567910949515e-10 1.62488900987149e-10 1.59905474988655e-10 1.56863306330635e-10 1.53433011237031e-10 1.4969230571568e-10 1.45736989255771e-10 1.41689442554146e-10 1.37622926703107e-10 1.33656577318657e-10 1.29925632170182e-10 1.26537927024498e-10 1.23612226368881e-10 1.21260302085366e-10 1.19587151602479e-10 1.18693386027257e-10 1.18671088877329e-10 1.19598144452396e-10 1.21549268756034e-10 1.24570105719777e-10 1.28709167074995e-10 1.339940902142e-10 1.40446580388977e-10 1.48060430381586e-10 1.56833151358862e-10 1.66737998697492e-10 1.77746170109681e-10 1.89771182326197e-10
1.55468134997467e-10 1.5906863555042e-10 1.62531036729031e-10 1.65799557989763e-10 1.68817149185347e-10 1.71519494356259e-10 1.73845615119357e-10 1.75727135726322e-10 1.7709827439385e-10 1.77925882168035e-10 1.78161081448333e-10 1.77779533734564e-10 1.76769445009177e-10 1.75135170978515e-10 1.72897177510696e-10 1.70098449028788e-10 1.66787104240627e-10 1.63036854273893e-10 1.58929341277779e-10 1.54564759486162e-10 1.50069606948498e-10 1.45522893187187e-10 1.41048321307703e-10 1.36785371566487e-10 1.32846278252643e-10 1.29353263918972e-10 1.26421202805873e-10 1.24157498441122e-10 1.22664225451813e-10 1.22034284790966e-10 1.22346072245695e-10 1.23673795522465e-10 1.26062480544972e-10 1.29559594056761e-10 1.34191499143533e-10 1.39978745434987e-10 1.46914086113723e-10 1.5499441684803e-10 1.64192869383323e-10 1.7448074534625e-10 1.85772923298416e-10
1.6346928390037e-10 1.67447980577567e-10 1.71273564637537e-10 1.74884919903731e-10 1.78219520572124e-10 1.81207254754599e-10 1.83781968540499e-10 1.85870547364154e-10 1.87403191347839e-10 1.88342392294599e-10 1.88636410412671e-10 1.88258219274872e-10 1.87194554070272e-10 1.85449341665703e-10 1.83043637447218e-10 1.80021649231731e-10 1.7643389579978e-10 1.72357009050223e-10 1.67876387251337e-10 1.63096365585337e-10 1.58147191305573e-10 1.53113579119721e-10 1.48123499559861e-10 1.43320275113152e-10 1.38820326051004e-10 1.34749038913582e-10 1.31224134379363e-10 1.28355181399246e-10 1.26245482462743e-10 1.24988522703517e-10 1.24663063879404e-10 1.25342566546623e-10 1.27071353351489e-10 1.29895679365551e-10 1.33840531713477e-10 1.38925158816343e-10 1.45141243136515e-10 1.52484908810758e-10 1.60929100290747e-10 1.70445100861582e-10 1.80949292210588e-10
1.71290955609338e-10 1.75631770052648e-10 1.79803280947881e-10 1.83739336723458e-10 1.8737224800279e-10 1.90626490576134e-10 1.93431076782803e-10 1.95708519143311e-10 1.97385360970046e-10 1.98419971744433e-10 1.98758051959009e-10 1.98370088491701e-10 1.9724149141489e-10 1.95375825295343e-10 1.92794726759215e-10 1.89543527945509e-10 1.85675061664974e-10 1.81268656897435e-10 1.7641323313286e-10 1.71216942174213e-10 1.65813350547298e-10 1.6029273475191e-10 1.54786962223255e-10 1.49442736882772e-10 1.44380384627059e-10 1.39728113737906e-10 1.3560619404862e-10 1.32126090679869e-10 1.29392085253351e-10 1.27498012322294e-10 1.2652286134872e-10 1.26539127899931e-10 1.27590367619658e-10 1.29721487206136e-10 1.3295602886724e-10 1.37311824501063e-10 1.42779482127522e-10 1.49354217219401e-10 1.57008731964311e-10 1.65714176333272e-10 1.75388545478854e-10
1.78861533535265e-10 1.83540646212622e-10 1.88033154101195e-10 1.92268294698026e-10 1.96173653930483e-10 1.99668806807388e-10 2.02678392204002e-10 2.05121022671719e-10 2.06920038436489e-10 2.08030018517661e-10 2.0839446852364e-10 2.07981647606474e-10 2.06775819352727e-10 2.04780265870679e-10 2.02017189970438e-10 1.9853292964746e-10 1.94382502307894e-10 1.89647659674552e-10 1.84420540673272e-10 1.78812717758145e-10 1.72960584574401e-10 1.6695973013979e-10 1.60945475528894e-10 1.55067384066236e-10 1.4944933505647e-10 1.4422196540255e-10 1.39507752256018e-10 1.35419755867017e-10 1.3206297216812e-10 1.29531346363609e-10 1.27903961180939e-10 1.27252149594764e-10 1.27618654771175e-10 1.29046928191691e-10 1.31559030440618e-10 1.35171293472753e-10 1.39873274978752e-10 1.45659167578921e-10 1.52501390806938e-10 1.60370857541538e-10 1.69187260072733e-10
1.86114610562095e-10 1.91100201727578e-10 1.95880864142444e-10 2.0038177572556e-10 2.04526365486685e-10 2.08229946999922e-10 2.11413365084766e-10 2.13991911869248e-10 2.15886269858093e-10 2.17047653426564e-10 2.17417798115498e-10 2.16963049970508e-10 2.1566673551042e-10 2.13531946047701e-10 2.1058142770982e-10 2.06862385707437e-10 2.02431847374695e-10 1.97373662051751e-10 1.917828188783e-10 1.85773843828687e-10 1.79485404202086e-10 1.73018043462212e-10 1.66510019807823e-10 1.60113173447046e-10 1.53954510843317e-10 1.4816665208095e-10 1.42873893153122e-10 1.38190554156395e-10 1.34222061753465e-10 1.31062226528154e-10 1.28790090130816e-10 1.27475643708193e-10 1.27160787687647e-10 1.27887439641546e-10 1.29676172494844e-10 1.32541767213548e-10 1.36472782472644e-10 1.41462300530205e-10 1.47482434962795e-10 1.54503775987377e-10 1.62447772158785e-10
1.92987724695616e-10 1.98240158455226e-10 2.03268425720705e-10 2.07994318734428e-10 2.12337801554689e-10 2.16210686955675e-10 2.1953071898381e-10 2.22210549913639e-10 2.2416883647087e-10 2.25353943338793e-10 2.2570631594689e-10 2.25190753482638e-10 2.23789882575719e-10 2.21506705735078e-10 2.18364481502268e-10 2.14411124117737e-10 2.09705451441728e-10 2.0433303695427e-10 1.98391285954141e-10 1.91997143369656e-10 1.8529093925293e-10 1.7837770616018e-10 1.71398052380217e-10 1.64505455503571e-10 1.57829549837389e-10 1.5150444182574e-10 1.4565581120479e-10 1.40398867575385e-10 1.35839164307373e-10 1.32070124057445e-10 1.29170609503379e-10 1.27209107216756e-10 1.26226655996761e-10 1.26263586813752e-10 1.27339007047637e-10 1.29466127404202e-10 1.32632584403042e-10 1.36830291836599e-10 1.42031053341576e-10 1.48205073075016e-10 1.55275594234821e-10
1.99425385783041e-10 2.04897568793127e-10 2.10125552742312e-10 2.15028534349631e-10 2.19523822135412e-10 2.23520601571571e-10 2.26934315952166e-10 2.29675752044447e-10 2.316622528558e-10 2.32839931118303e-10 2.33148471669544e-10 2.32551539951821e-10 2.31031324427922e-10 2.28590849797088e-10 2.25253848411411e-10 2.21068767284539e-10 2.1609595268583e-10 2.10422284365262e-10 2.04147089465605e-10 1.97389135560214e-10 1.90289752686322e-10 1.82957894561744e-10 1.7553586680558e-10 1.68178093047795e-10 1.61016266183535e-10 1.54185433266818e-10 1.47812177437468e-10 1.42012192610882e-10 1.36890833820102e-10 1.32540872085213e-10 1.29040846662276e-10 1.26457590841415e-10 1.24831270159233e-10 1.24200599139038e-10 1.24583266322876e-10 1.25990922841537e-10 1.28410382713679e-10 1.31832363619449e-10 1.36228376270729e-10 1.41568200242628e-10 1.47776894355552e-10
2.0537943066989e-10 2.11017438199969e-10 2.16390555105087e-10 2.21416277115689e-10 2.26010171694491e-10 2.30079769583736e-10 2.33539107762968e-10 2.36297963700867e-10 2.38273148331729e-10 2.39409192841525e-10 2.39645592374975e-10 2.3894533164227e-10 2.37290442713291e-10 2.34684090555522e-10 2.31150435488169e-10 2.26738265143282e-10 2.21509153018477e-10 2.15550828643859e-10 2.08963993417978e-10 2.0186858772272e-10 1.94406234887692e-10 1.86689147861792e-10 1.78860618732343e-10 1.71075281523945e-10 1.63466254581716e-10 1.56168935633839e-10 1.49310289135045e-10 1.43006055241507e-10 1.37361044662553e-10 1.32467102723996e-10 1.28402290969832e-10 1.25231652355994e-10 1.22994470787356e-10 1.21727833717034e-10 1.21448077951855e-10 1.22165332936686e-10 1.23865709048874e-10 1.26538730707442e-10 1.30155653775354e-10 1.34685821252072e-10 1.40056114698778e-10
2.10810823545466e-10 2.16554736627691e-10 2.22012551556636e-10 2.27101047421583e-10 2.31735055132601e-10 2.3582150621255e-10 2.3927400555814e-10 2.42002245554418e-10 2.43923344139566e-10 2.44980982341927e-10 2.45115068971081e-10 2.44288393315132e-10 2.42483128309161e-10 2.39702702684815e-10 2.35971652744917e-10 2.31338901801991e-10 2.25866915606301e-10 2.19643785713394e-10 2.12770995909084e-10 2.05368966221598e-10 1.97578872401881e-10 1.89515442430773e-10 1.81322195713126e-10 1.7315320603966e-10 1.65142328578921e-10 1.57424684134983e-10 1.50127059801199e-10 1.43364774221375e-10 1.37241728760681e-10 1.31848558275582e-10 1.27262680277251e-10 1.23547219591722e-10 1.20740569518782e-10 1.18878194967823e-10 1.17975163735809e-10 1.18040145020046e-10 1.19058679266369e-10 1.21019129700056e-10 1.23892555505287e-10 1.27647877795445e-10 1.32213796908082e-10
2.15688944010718e-10 2.21474012556373e-10 2.26951403711351e-10 2.32038235383775e-10 2.36649677397664e-10 2.40693180782297e-10 2.44082954310243e-10 2.4672958071565e-10 2.48551366812685e-10 2.49491921957401e-10 2.49492194246214e-10 2.48515286564711e-10 2.46543820580417e-10 2.43581616161182e-10 2.39653529180498e-10 2.34808405041963e-10 2.29109239992943e-10 2.22643977724388e-10 2.1551425957345e-10 2.07840261017436e-10 1.99761947142495e-10 1.913957495858e-10 1.82884619982739e-10 1.74381277748607e-10 1.6601958183079e-10 1.57933719549867e-10 1.50249712607003e-10 1.43081966312209e-10 1.36533090610506e-10 1.3069221622458e-10 1.2563593697102e-10 1.21425339061269e-10 1.18097912310432e-10 1.15687514683771e-10 1.14208038397726e-10 1.13666773201028e-10 1.14048833406189e-10 1.15341480017495e-10 1.17515651893064e-10 1.205398885347e-10 1.24344696770151e-10
2.19992546862533e-10 2.25750481315949e-10 2.31178940092021e-10 2.36196484182597e-10 2.40719745957564e-10 2.44657854666424e-10 2.47926698995638e-10 2.50438758649963e-10 2.52114436378703e-10 2.52898078798007e-10 2.52732308989593e-10 2.51581065838019e-10 2.49427732190658e-10 2.46276647982191e-10 2.42152929210272e-10 2.371051253668e-10 2.31196382501066e-10 2.2451397445647e-10 2.17159054675583e-10 2.09250813202003e-10 2.00927232400726e-10 1.923055867447e-10 1.83527443486142e-10 1.74743363269127e-10 1.66086444761322e-10 1.57689266954194e-10 1.49676477938244e-10 1.42161060373444e-10 1.35243938972353e-10 1.29012439724608e-10 1.23542139582262e-10 1.18891971592727e-10 1.15098502658756e-10 1.12194006485392e-10 1.1019129884143e-10 1.09096385462177e-10 1.08894103209217e-10 1.09570693263393e-10 1.11097065645835e-10 1.13441441545774e-10 1.16536115675254e-10
2.23708176228459e-10 2.29368579215266e-10 2.34677641575048e-10 2.39556496949396e-10 2.43924388304747e-10 2.47693298133237e-10 2.50781889136092e-10 2.53105555802478e-10 2.54587711694395e-10 2.55174263787188e-10 2.54810144582561e-10 2.53460655264968e-10 2.51110251883269e-10 2.47763923575547e-10 2.43446986333044e-10 2.38207476458153e-10 2.32108299094237e-10 2.2523553493007e-10 2.17689197023926e-10 2.09586746444007e-10 2.01063415613493e-10 1.92236430140647e-10 1.83245149371688e-10 1.74237173628692e-10 1.65344059871927e-10 1.56696096263909e-10 1.48415938034068e-10 1.40614625420829e-10 1.33390996467707e-10 1.2683026742386e-10 1.21006791609731e-10 1.15977238711929e-10 1.11777224263764e-10 1.08437463411116e-10 1.05969795352961e-10 1.0437904699872e-10 1.03649926293208e-10 1.03767756551662e-10 1.04703522345377e-10 1.0642520994601e-10 1.0886687932208e-10
2.26830658373583e-10 2.32322654869415e-10 2.3744153321765e-10 2.42112127864182e-10 2.46257437731103e-10 2.49793462983603e-10 2.52642727074913e-10 2.5472454508356e-10 2.5596624360288e-10 2.56316108039099e-10 2.55721999752866e-10 2.54151100824657e-10 2.51589245435495e-10 2.48042198608177e-10 2.43535417028682e-10 2.38116212075589e-10 2.31846856612978e-10 2.24811725040808e-10 2.17109045106541e-10 2.0885381890674e-10 2.00177782230454e-10 1.91197210818281e-10 1.82048443310128e-10 1.72875337159117e-10 1.63807126098906e-10 1.5497113152424e-10 1.46487398340721e-10 1.38464504672884e-10 1.30998800644504e-10 1.24173088880008e-10 1.18060281679e-10 1.1271468031663e-10 1.08170911242666e-10 1.04458157256825e-10 1.01587377816571e-10 9.95623314990547e-11 9.83677409312373e-11 9.79881284153768e-11 9.83946639818982e-11 9.95551981250994e-11 1.0140553016692e-10
2.29360767951201e-10 2.34614672414423e-10 2.39473925941355e-10 2.43868163239366e-10 2.47725254417995e-10 2.5096634438234e-10 2.53518871478e-10 2.55307042492496e-10 2.56262966766328e-10 2.56338102770355e-10 2.55483832444994e-10 2.53669719040502e-10 2.50883266995572e-10 2.47131139520146e-10 2.42438877595465e-10 2.3685286665406e-10 2.30434364853155e-10 2.23265548663644e-10 2.15442237212496e-10 2.07076272997273e-10 1.98295183573903e-10 1.89213405095634e-10 1.7996346978768e-10 1.70684743273577e-10 1.61503370335157e-10 1.52543048911143e-10 1.43920609254937e-10 1.35741656897543e-10 1.28099659475145e-10 1.21074707587168e-10 1.14738046545254e-10 1.09141509207474e-10 1.04318685244229e-10 1.00297248859383e-10 9.70873695795991e-11 9.46918488138106e-11 9.30955580311114e-11 9.22823455098773e-11 9.22236812890002e-11 9.28873902766431e-11 9.42109837390052e-11
2.31304918255816e-10 2.36253869062289e-10 2.40787037087894e-10 2.44839902217186e-10 2.48346264711823e-10 2.51233478450359e-10 2.53434893934226e-10 2.54880524265341e-10 2.55508079464389e-10 2.55272944273663e-10 2.54130572789048e-10 2.52053380880813e-10 2.49030816770128e-10 2.45070557522389e-10 2.40198176497194e-10 2.34458947476523e-10 2.27912749521975e-10 2.20639101688876e-10 2.12730827132663e-10 2.04295950930228e-10 1.95457130663699e-10 1.86326105177548e-10 1.770308579713e-10 1.67705562059519e-10 1.58472539613175e-10 1.49451240928735e-10 1.40754702543629e-10 1.32485066234376e-10 1.24732536875598e-10 1.17574205468727e-10 1.11079419746713e-10 1.05297449979362e-10 1.00260791979781e-10 9.59956307612211e-11 9.25114257701755e-11 8.98101290852128e-11 8.78768819087464e-11 8.66949907900356e-11 8.62363395458291e-11 8.64688444208538e-11 8.73317003501165e-11
2.32670996581957e-10 2.37252791321652e-10 2.41398225917578e-10 2.45049587888215e-10 2.48147582895916e-10 2.50626749275459e-10 2.524272658491e-10 2.53485788977423e-10 2.53746377282966e-10 2.53169037060309e-10 2.51713795274218e-10 2.4935635440766e-10 2.46088357395146e-10 2.41918603542469e-10 2.36872654112742e-10 2.30994506580071e-10 2.24342324492435e-10 2.16992553207397e-10 2.09034481540193e-10 2.00571717640619e-10 1.91721450651119e-10 1.82591915222067e-10 1.73305862155687e-10 1.63991632124266e-10 1.5476703745502e-10 1.4574670029593e-10 1.37039319611337e-10 1.28743109452983e-10 1.20944651344945e-10 1.13717763407737e-10 1.07129661985836e-10 1.01226965696193e-10 9.60410096125217e-11 9.15965006278155e-11 8.79022539513944e-11 8.4959472071522e-11 8.27536697590234e-11 8.12677443259821e-11 8.04741023285663e-11 8.03408706903302e-11 8.08089005799504e-11
