file4.asc
NCOLS 282 
NROWS 201 
XLLCORNER 210603.385252414 
YLLCORNER 295450.363936035 
CELLSIZE 500 
NODATA_value -9999 
[rows 27 to 53 of 201, columns 180 to 239 of 282]
0.451312779061135 0.449883601153482 0.450073773274627 0.451914354096811 0.455427861957314 0.460670763865054 0.467687262227643 0.476534708215427 0.487268483150527 0.499953946785379 0.514652423006617 0.531421583506416 0.550311614769884 0.571352565806755 0.594553026890096 0.619872289778797 0.64727096895828 0.676547942513836 0.707498106007463 0.739843012691033 0.773198138568706 0.807076144258529 0.840933581373445 0.874172216646753 0.906168039404549 0.936324952026548 0.964118722550559 0.9891367859531 -9999 -9999 -9999 -9999 -9999 -9999 -9999 -9999 -9999 -9999 -9999 -9999 -9999 -9999 -9999 -9999 -9999 -9999 -9999 -9999 -9999 -9999 -9999 -9999 -9999 -9999 -9999 -9999 -9999 -9999 -9999 -9999
0.447823633449397 0.446703158998603 0.447179680633042 0.449288326245935 0.453054711615422 0.45853781032641 0.465783973805416 0.474851765339724 0.485796718044321 0.498683488440014 0.51357119074727 0.530513025935297 0.549552534332584 0.570709614692927 0.593979781748047 0.619304269901427 0.64662166800988 0.675700895515264 0.706304184573336 0.738116393555338 0.770713722511999 0.80356976757435 0.836107660190191 0.867704819314008 0.897727194240669 0.925586531380334 0.950786022309109 0.972959022754459 0.99191164322007 -9999 -9999 -9999 -9999 -9999 -9999 -9999 -9999 -9999 -9999 -9999 -9999 -9999 -9999 -9999 -9999 -9999 -9999 -9999 -9999 -9999 -9999 -9999 -9999 -9999 -9999 -9999 -9999 -9999 -9999 -9999
0.446399557588752 0.445577171240338 0.446336869713997 0.448717845591679 0.452748769023472 0.458491209495635 0.465993685796382 0.475315994922546 0.486513758464962 0.499650855247615 0.514783999979963 0.531961534392341 0.551219836052414 0.572567759868533 0.595986737135664 0.621398450113317 0.648717848078576 0.677681601333197 0.708017281052664 0.73937119811063 0.771278905996322 0.803174461328614 0.834448547599892 0.864456862620226 0.892559579751297 0.918181891685013 0.940860619755157 0.960280880610945 0.976313832446924 0.988999175103046 0.998594467587184 -9999 -9999 -9999 -9999 -9999 -9999 -9999 -9999 -9999 -9999 -9999 -9999 -9999 -9999 -9999 -9999 -9999 -9999 -9999 -9999 -9999 -9999 -9999 -9999 -9999 -9999 -9999 -9999 -9999
0.447003569791861 0.446471752409734 0.447514248268574 0.45017434610841 0.45448375017943 0.4605067285837 0.468293991884173 0.477906582584474 0.489400118285425 0.502837583796168 0.518273041652059 0.535749482434536 0.555295484300113 0.576907785540948 0.600552550929585 0.626130185710531 0.653530143133169 0.682454298088481 0.712593378179254 0.743553175575801 0.774827229029716 0.805809729760698 0.835860184606776 0.864315599937455 0.890535052271655 0.913963089357585 0.934176452856214 0.95091766118319 0.964126926406738 0.973917620668266 0.980616383853476 0.984674742145998 0.986642474715282 0.987120308920913 0.986708069097771 0.986032382296502 0.98558410667463 0.985798982934165 0.987139856866356 0.98993828336402 0.994508357393354 -9999 -9999 -9999 -9999 -9999 -9999 -9999 -9999 -9999 -9999 -9999 -9999 -9999 -9999 -9999 -9999 -9999 -9999 -9999
0.449622734490177 0.449376615476291 0.450703949522216 0.453652186717461 0.458256062849632 0.46458265603307 0.472684894810885 0.482625063895326 0.494458648192098 0.508247573645095 0.524042927084441 0.541881740457476 0.56178402618798 0.583733133643293 0.607678598257799 0.633497579254321 0.661051924986552 0.690005911000786 0.720011065065916 0.750630591674633 0.781314681202573 0.811417520425559 0.840269041862677 0.8671910046332 0.891546462618143 0.912805479895112 0.930591012241493 0.944708339319164 0.955170214021404 0.962164808154065 0.966086517982161 0.967441663287334 0.966817856176909 0.964835217880415 0.962096250794547 0.959213557417269 0.956655921891059 0.954830489402828 0.954161050201007 0.954941084633089 0.957442266296031 0.961766140146818 0.968114847120914 0.976606564026978 0.987276914019038 -9999 -9999 -9999 -9999 -9999 -9999 -9999 -9999 -9999 -9999 -9999 -9999 -9999 -9999 -9999
0.454269715277721 0.454306834268394 0.455923318425569 0.459170876183877 0.464087287871906 0.470742564659468 0.479191878480933 0.489498738052218 0.50171832856437 0.515911303002271 0.5321253774114 0.550390897493887 0.570718413436972 0.593076407224617 0.617396247772786 0.643529636883792 0.671308466933254 0.700356365766588 0.730283165228623 0.760607357432555 0.790734535243456 0.819978978492892 0.84764301323386 0.87303701757175 0.895533457692009 0.914634252606786 0.930014776185852 0.941548057282908 0.949322303901393 0.953600997780879 0.954844439921709 0.953610197263248 0.950519312201239 0.946206881029288 0.941274337353907 0.936317760049071 0.931782488405814 0.9280468455161 0.925496890646098 0.924390097271956 0.924958926143779 0.927276115533828 0.931505838060953 0.937733821307571 0.945969980677578 0.956180368625301 0.968458092527939 0.982823536939307 0.999158539077128 -9999 -9999 -9999 -9999 -9999 -9999 -9999 -9999 -9999 -9999 -9999
0.460979550222233 0.461299388006375 0.463211191897586 0.466771053473308 0.472019821879998 0.4790305690517 0.487860731347317 0.498575001320877 0.511228051071067 0.525878989354971 0.542571686805967 0.561328942237943 0.582150809315239 0.604989201007911 0.629755609663192 0.656273821921607 0.684343182563612 0.713543395660959 0.743439991330478 0.773504611535626 0.803097136908962 0.83149232094113 0.857967245836533 0.881825195758091 0.902453804274613 0.919393290620191 0.932377475552149 0.941351691211688 0.946481923326045 0.948106897628651 0.946750528368551 0.943017903915612 0.937559190577769 0.931020362150277 0.92399849718639 0.91707113964824 0.910659270405996 0.905112536207056 0.900780798183115 0.897887689155616 0.896629600184151 0.897053252703871 0.89928917389574 0.903394951961704 0.909358967883797 0.917131841155019 0.926779111807661 0.938300842843679 0.951582756365974 0.966555352710582 0.983249553664372 -9999 -9999 -9999 -9999 -9999 -9999 -9999 -9999 -9999
0.469809456289269 0.470412911561171 0.472627587496414 0.47651410637381 0.482116415576142 0.489510775809012 0.498756898235074 0.509920590253085 0.523055742536462 0.538219583873156 0.555451579186505 0.574765975910288 0.5961511566004 0.619540529825719 0.644823842161667 0.671794269863706 0.700215799288016 0.729620743069025 0.759527677401916 0.789359302154075 0.81842887720325 0.845972355096966 0.871244362430236 0.893545788560262 0.912285453752188 0.927048336413863 0.937632456185052 0.944059487325132 0.946574901438802 0.945592053467498 0.941695812942567 0.935534979495936 0.92778472184826 0.919098178462201 0.910065279076989 0.901243515031243 0.893029040170018 0.88574332341943 0.879701757959218 0.875096398149827 0.872090659364649 0.870707988290839 0.871049319747006 0.873148099679958 0.876974996982641 0.882468773051495 0.88967282844765 0.898572145948639 0.909058245074182 0.921066164957901 0.934619279504838 0.949791916197185 0.966513878661298 0.984899571228333 -9999 -9999 -9999 -9999 -9999 -9999
0.480838232797465 0.481727068614689 0.484253038010755 0.488481460874767 0.49445941288203 0.502266468799225 0.511964607923345 0.523620650536115 0.537287375976823 0.553019728333045 0.5708521174205 0.590789083172155 0.612806024287151 0.636815667746704 0.662684006165383 0.690170685657401 0.719001325031315 0.748657224303114 0.778607349812487 0.808223470294017 0.836771556071715 0.863449847949508 0.887493715096909 0.908206697363505 0.925024983182225 0.937584660577051 0.945753319227283 0.949632451442515 0.94954810580768 0.945987192334271 0.939592631028369 0.931053169222375 0.921065153797101 0.910285636239192 0.899295133607981 0.88863006537449 0.878661719934663 0.86968421435522 0.861980377502416 0.855713024787029 0.851015633008598 0.847891057130903 0.846414432389011 0.846598754785909 0.848400457418758 0.851749630568496 0.856672242418279 0.863142604689703 0.871059496282211 0.880363913860409 0.891074914337427 0.903256847704005 0.916857680397831 0.931985704230874 0.948712182058606 0.967182534764595 0.98747342444066 -9999 -9999 -9999
0.494165285606023 0.495341282368072 0.498187009083288 0.502772661850361 0.509148466566846 0.517397426258125 0.52758375535681 0.539775142349433 0.554022853025971 0.570379064759378 0.588872389658028 0.609496343889996 0.63221189772359 0.656908675647612 0.683426804396959 0.711489288789495 0.740780219698039 0.770726176119315 0.800743944165312 0.830152553152243 0.858170334656404 0.8839593171365 0.906739208673413 0.92582153417063 0.940676082659814 0.950996165960179 0.956723818452544 0.958043187305859 0.955361379589793 0.949237368869332 0.940369051930411 0.929481490154601 0.917288745983424 0.904449028154334 0.891531712387338 0.879051612421212 0.867355518558389 0.856711322648962 0.847371346787232 0.839471571101626 0.833118511702728 0.828297048061416 0.825060058729738 0.823403485135836 0.823272659181765 0.824591800133971 0.827373473020597 0.831584956025794 0.837133302726485 0.843966376190038 0.852101253441858 0.86159540995619 0.872413152043955 0.884658014960037 0.898400993825486 0.913783515254836 0.930884116355072 0.949981981269937 0.97119618205032 0.994751572328019
0.509911510266086 0.511375621972138 0.514548802980742 0.519506313400112 0.526301540392025 0.535021017529282 0.545731133263227 0.558500257439525 0.573377668597483 0.590412223317321 0.609625910950586 0.630999753935104 0.654478746839971 0.679926758933952 0.707155888207734 0.735849240268106 0.765646110837497 0.795914619797731 0.826016938793453 0.855217756865581 0.882687720305812 0.907554487115102 0.929025971095102 0.946427125347104 0.959267421498304 0.967303085151357 0.970554848767988 0.969291680924884 0.964001675235748 0.955314097147886 0.943978742043772 0.930753642663991 0.916367605421929 0.901477821966709 0.886641379979778 0.872351448237678 0.858931085180509 0.84662336455868 0.835652290662161 0.826129452237641 0.818137302672151 0.811645266847726 0.806687242529526 0.803245194040019 0.801256121693048 0.800640763663096 0.801401644113983 0.803501904362877 0.806857433211909 0.811423369745882 0.817216345966686 0.82428906413512 0.832620115310885 0.842308923639781 0.853426096366554 0.866108687759874 0.880435771292041 0.896665430750915 0.914917051958717 0.935400364705744
0.528215785378903 0.529966762801653 0.533472934824502 0.538814812216892 0.546048932369556 0.555265439934838 0.566532796761945 0.579919815738307 0.595473234605256 0.613237961448259 0.633228462824617 0.655411652427072 0.679714917435571 0.705973517316926 0.733969387251643 0.76334239760236 0.793683764422612 0.824299498232744 0.854494969959917 0.883479227715537 0.910375545564972 0.934279396192763 0.954390965879786 0.970054057447704 0.980823592111069 0.986523817088708 0.987257682732027 0.983380432305962 0.975460546757695 0.964195609211561 0.950384320741717 0.934814716783116 0.918227925612951 0.901278560267128 0.884510861508652 0.868396809876046 0.853236888620566 0.839251033963292 0.826637253410857 0.815485231482299 0.805856185933764 0.797706511157536 0.791054143280134 0.785869834520966 0.782084658397801 0.77961784801405 0.778464616952487 0.778586173371707 0.779907353951816 0.782390510725659 0.786052662919654 0.790943003519715 0.797052170894812 0.804475573680521 0.813282885937358 0.823606145927802 0.835523563010781 0.849273475330307 0.864973475328917 0.882818636998511
0.549234767252597 0.55126754133314 0.55510845379409 0.560843443761499 0.568532159207325 0.57826840938305 0.590122582348057 0.604163643953711 0.620435160372366 0.638977398615368 0.659796348749382 0.682843074702782 0.708025703673366 0.735147864294781 0.76395932720615 0.794053406011373 0.824970030701556 0.855949642138139 0.886238966193507 0.914990450760922 0.94128064382042 0.964175263284323 0.982870853599221 0.996735237337179 -9999 -9999 -9999 -9999 0.989740385365725 0.975871602352757 0.959560387771207 0.941622310317682 0.922809038997308 0.903771715868975 0.885041790459341 0.867071010064951 0.850138824267945 0.83444397150472 0.820160900481483 0.807359904123944 0.796083703702568 0.786277964658959 0.777947406698301 0.771054003831512 0.765524925726386 0.761279451329495 0.75830760546277 0.756570219682651 0.756000771083339 0.756568339788041 0.758290574941078 0.761213748860852 0.765338212160805 0.770755062817241 0.777532231976203 0.785795971711041 0.795622275658998 0.807230811086936 0.82073567553263 0.836317751171246
0.573140089579808 0.575443655184301 0.579615125088148 0.585746026191136 0.593899041062795 0.604171664573058 0.616636012553729 0.63136086312467 0.648385910925246 0.667746042536085 0.689437798035971 0.71339456392699 0.739503598740667 0.767533780856166 0.79720097985706 0.82804876151675 0.859562754076238 0.890914693191162 0.921291232378023 0.949787622285407 0.975434604811769 0.997270661441569 -9999 -9999 -9999 -9999 -9999 -9999 -9999 0.990333958192219 0.971483923395315 0.951136532795733 0.930052941898725 0.908880645229766 0.888138991789423 0.86826094968329 0.849506847817028 0.832056403888716 0.81606303616646 0.801580153098972 0.788634597467028 0.777163444225237 0.76716063352803 0.758581429963317 0.751350711400132 0.745388909204548 0.740682384335208 0.737192536938158 0.734860782458699 0.733662068150426 0.733614419780764 0.734761231730814 0.737110197769353 0.74074753206262 0.745738455770332 0.752202614686694 0.760212532556153 0.769970081447101 0.781584516525821 0.795222995746793
0.600114772683856 0.602669496166312 0.607158675691858 0.613679557493439 0.622297740058815 0.633114390383572 0.646203098811095 0.661632074305044 0.679436387058214 0.699644787996739 0.722243426865272 0.747146156300829 0.774217898630042 0.803189669009338 0.833742118859761 0.865366160515111 0.897490432461195 0.929215296684521 0.959666407319355 0.987881584032909 -9999 -9999 -9999 -9999 -9999 -9999 -9999 -9999 -9999 -9999 0.986140463722454 0.963327699200037 0.939913590731419 0.916542591089919 0.893723310613109 0.871871910815177 0.851231890254721 0.831966355545669 0.814210304981556 0.798002747794872 0.783357126548281 0.770203871693972 0.758528251661996 0.748280505964031 0.739384407189225 0.731762195457034 0.725397525784357 0.72025274936942 0.716276158510758 0.713447383839943 0.71178417570332 0.711326676153201 0.712087575879257 0.714147463877967 0.717567824640167 0.722460907132897 0.728894657931822 0.737053930103599 0.747042122984001 0.759013186153587
0.630348159744569 0.633122398323678 0.637904347873718 0.644797067943483 0.65386890753934 0.665224657546615 0.678939075327693 0.695079392654896 0.713675278610525 0.734748619143736 0.758274332513793 0.784144935049213 0.812201809818845 0.842135117786528 0.873589581530578 0.906001009603589 0.938738838365483 0.970829993581493 -9999 -9999 -9999 -9999 -9999 -9999 -9999 -9999 -9999 -9999 -9999 -9999 -9999 0.978162704081783 0.952342450525619 0.926693275221757 0.901715107261984 0.877809795783918 0.85520666497423 0.834054828530053 0.814473525855358 0.796489791782623 0.780105966052401 0.765247542266616 0.751892859279686 0.739988401648465 0.729457579529078 0.720224645579392 0.712270968759612 0.705559723057594 0.700044704122016 0.695708781420856 0.692568471493425 0.690659983769555 0.689998737386965 0.690658868999752 0.692697108600627 0.696217588803269 0.701282735274228 0.708061096438507 0.716649486234281 0.727189199690231
0.664029071321889 0.666975020392678 0.672008517900137 0.679238484787993 0.688735808338959 0.700608825315001 0.714933103027433 0.731774488324811 0.75115649276718 0.773093490066669 0.797548516659745 0.824391100483072 0.85343828949366 0.884336677594492 0.916695172968049 0.949892654844025 0.983237774916312 -9999 -9999 -9999 -9999 -9999 -9999 -9999 -9999 -9999 -9999 -9999 -9999 -9999 -9999 0.995608301937825 0.967293189321046 0.93927308194067 0.912042009351577 0.885990534358867 0.861336821059378 0.838218796106822 0.816742624419308 0.79692569507188 0.778761324845299 0.762171498656535 0.747128974165685 0.733577318280992 0.721439872258082 0.710642662739213 0.701164697972039 0.692969397549504 0.686014429671666 0.680284263367767 0.675793008102163 0.672572060291248 0.670637425491143 0.67005595206795 0.67087866730826 0.673200982466495 0.67707904118551 0.682665790570062 0.690050987705355 0.699363880400278
0.701336806634947 0.704385518780265 0.709608069568334 0.717119237622067 0.726992194710838 0.739338726683837 0.754234816490631 0.771744553534183 0.791884613331699 0.814661365675306 0.840025606282778 0.867822500368623 0.897844530565689 0.929692463230881 0.962940531129414 0.996909681838707 -9999 -9999 -9999 -9999 -9999 -9999 -9999 -9999 -9999 -9999 -9999 -9999 -9999 -9999 -9999 -9999 0.984711195828951 0.954215874202271 0.924626868343523 0.896327009171515 0.869526651873151 0.844355494353054 0.820909292176905 0.799197973100501 0.779207647016856 0.760857895304852 0.744116821349036 0.728925466037646 0.715206951201007 0.702888421527905 0.691946008191588 0.682342421520179 0.67403738022382 0.667015190359615 0.661286251419557 0.656876155743065 0.653799520458063 0.652115113480374 0.651867416787739 0.653142642936337 0.655990069350099 0.660547741806248 0.66689809915133 0.67515898183357
0.742429153025786 0.745484684039615 0.750806713172444 0.758515818483246 0.768687172550684 0.7814359121799 0.796838020880691 0.814955541933904 0.835797785599714 0.859362863283432 0.885589380471027 0.914297183376829 0.945254688234918 0.978015218018406 -9999 -9999 -9999 -9999 -9999 -9999 -9999 -9999 -9999 -9999 -9999 -9999 -9999 -9999 -9999 -9999 -9999 -9999 -9999 0.971452699353209 0.939392850446749 0.908735577671597 0.879687102741617 0.852371980053199 0.826878171511613 0.803210149536491 0.781348340167485 0.761210678713906 0.742761114150121 0.725938117787129 0.710664025105923 0.696866069920319 0.684516618214394 0.673576419701358 0.664005301374381 0.655785592157092 0.64892262954865 0.643435181521446 0.639334702700123 0.636671180052608 0.635481845134474 0.635843381525163 0.637797795420199 0.641468955030217 0.646931909599421 0.654293775063622
0.787430587939126 0.790363688051666 0.795662404568349 0.803453005320678 0.813812369909817 0.826858911210593 0.842668199638825 0.861300081834682 0.882756203331996 0.907026481433665 0.934037899991315 0.963584578599302 0.995412229118884 -9999 -9999 -9999 -9999 -9999 -9999 -9999 -9999 -9999 -9999 -9999 -9999 -9999 -9999 -9999 -9999 -9999 -9999 -9999 -9999 0.99090818630982 0.956260081578713 0.92313291949317 0.891732744698363 0.862182128688922 0.83456375489817 0.80887841926618 0.785102056776585 0.763151341141199 0.742986138096186 0.724541889068316 0.707739197813235 0.6925040406051 0.678803835223371 0.666595908510361 0.655838208309255 0.646509292717912 0.638608111483794 0.632145631028623 0.627128601495251 0.623597660233607 0.621582247216434 0.621149349186683 0.622333478145189 0.625245094015673 0.629951962745427 0.636551213884208
0.836412575632637 0.839053723111266 0.844166454415277 0.851882567778807 0.862280366128997 0.875481508723889 0.891560757722498 0.910575802453856 0.932520630931815 0.957377417846847 0.985062702397269 -9999 -9999 -9999 -9999 -9999 -9999 -9999 -9999 -9999 -9999 -9999 -9999 -9999 -9999 -9999 -9999 -9999 -9999 -9999 -9999 -9999 -9999 -9999 0.975137165229513 0.939427221900955 0.905572329066727 0.873696262926762 0.843878799323395 0.816118573035825 0.790387869113854 0.766602105852056 0.744716726300894 0.724663302506735 0.706359436868465 0.68972825154198 0.674730817973467 0.66131944944291 0.649448249086274 0.639090288039489 0.630236880587671 0.622890299496753 0.617051284301522 0.612750689606743 0.610009776175589 0.608885801678588 0.609405706511514 0.611667326113858 0.615731368919758 0.621685727126083
0.889380137523484 0.891512791555302 0.896230775756922 0.903671210064306 0.913913564873383 0.927082776535006 0.943252427539421 0.962478316450246 0.98474714392321 -9999 -9999 -9999 -9999 -9999 -9999 -9999 -9999 -9999 -9999 -9999 -9999 -9999 -9999 -9999 -9999 -9999 -9999 -9999 -9999 -9999 -9999 -9999 -9999 -9999 0.995925778304176 0.957523877039954 0.921115610973468 0.886829126011094 0.854743481389103 0.824856381353968 0.797136950300194 0.771498997769669 0.747892837538509 0.726245014197805 0.706468609625834 0.688482125760999 0.672238762635384 0.65768418453838 0.644766770196243 0.633452516256134 0.623723975805951 0.61557395491305 0.60899611061456 0.604011218977128 0.600632116716932 0.598906416107925 0.598853524929517 0.600559435814572 0.604078103454171 0.609488915320648
0.946249758248316 0.947604591853053 0.951668012466122 0.958582190421064 0.968427537154505 0.981332349811015 0.99736866231933 -9999 -9999 -9999 -9999 -9999 -9999 -9999 -9999 -9999 -9999 -9999 -9999 -9999 -9999 -9999 -9999 -9999 -9999 -9999 -9999 -9999 -9999 -9999 -9999 -9999 -9999 -9999 -9999 0.977328015478707 0.938275877183267 0.901502271870065 0.867087538650812 0.835029402586371 0.805293994335462 0.777792851171406 0.752470155616578 0.729246033708784 0.708027369887405 0.688726204520059 0.671286308312849 0.655645100995582 0.641743505746945 0.62953903373237 0.619004512380056 0.610122656722834 0.602879203618595 0.597284696393711 0.593343441385091 0.591093596515082 0.590547179088113 0.591779119836194 0.594836986784551 0.599792380307566
-9999 -9999 -9999 -9999 -9999 -9999 -9999 -9999 -9999 -9999 -9999 -9999 -9999 -9999 -9999 -9999 -9999 -9999 -9999 -9999 -9999 -9999 -9999 -9999 -9999 -9999 -9999 -9999 -9999 -9999 -9999 -9999 -9999 -9999 -9999 0.99873750191595 0.956963633683765 0.917638266699133 0.880844824986495 0.846581757767516 0.814812105102418 0.78544423711052 0.758415004788252 0.733636596528324 0.711007971042676 0.690432891033065 0.671844201090438 0.655169600484118 0.640341030158313 0.627306320798332 0.61602780042959 0.606477637163099 0.598633038724693 0.59249430134582 0.588057224897675 0.585350800284777 0.584379885799573 0.585209129063345 0.58788012837966 0.592457399505074
-9999 -9999 -9999 -9999 -9999 -9999 -9999 -9999 -9999 -9999 -9999 -9999 -9999 -9999 -9999 -9999 -9999 -9999 -9999 -9999 -9999 -9999 -9999 -9999 -9999 -9999 -9999 -9999 -9999 -9999 -9999 -9999 -9999 -9999 -9999 -9999 0.977095877914204 0.93516775119038 0.895958265803332 0.859467099902881 0.825653915491293 0.794422877628586 0.765702207070462 0.739394608243091 0.715389429590744 0.693580449347961 0.673888222566385 0.656229427355756 0.640525731805406 0.626714322770636 0.614746452002527 0.604583451036581 0.59619359550051 0.589567041124626 0.584691212171578 0.58158629067725 0.58025027035598 0.580738275539926 0.583086374990122 0.587352670446957
-9999 -9999 -9999 -9999 -9999 -9999 -9999 -9999 -9999 -9999 -9999 -9999 -9999 -9999 -9999 -9999 -9999 -9999 -9999 -9999 -9999 -9999 -9999 -9999 -9999 -9999 -9999 -9999 -9999 -9999 -9999 -9999 -9999 -9999 -9999 -9999 0.998589270110182 0.95402456172928 0.912376661650332 0.873646876544477 0.837791129397707 0.804708327468988 0.774316796356841 0.746508308194195 0.721161072227996 0.698157378877413 0.677404340957464 0.65880654727886 0.642274371325669 0.627733641383739 0.615124160781478 0.6043963015748 0.595509193595113 0.588443067403334 0.583177193985565 0.579723359828468 0.57807303523978 0.578272555740728 0.580352909597148 0.584366417860118
-9999 -9999 -9999 -9999 -9999 -9999 -9999 -9999 -9999 -9999 -9999 -9999 -9999 -9999 -9999 -9999 -9999 -9999 -9999 -9999 -9999 -9999 -9999 -9999 -9999 -9999 -9999 -9999 -9999 -9999 -9999 -9999 -9999 -9999 -9999 -9999 -9999 0.974164274886199 0.930071884913054 0.889106316458023 0.851219446501364 0.816303987244893 0.784267265071751 0.754988882743591 0.728334631874513 0.704174089451987 0.682400040702397 0.662904186493523 0.645584867961219 0.63035609089498 0.617146038448929 0.605894158019085 0.596550387308349 0.589085339683386 0.583470428959568 0.579709498625406 0.577787867261216 0.577743784222903 0.579603602208281 0.58341445217865
