file1.asc
NCOLS 282 
NROWS 201 
XLLCORNER 210603.385252414 
YLLCORNER 295450.363936035 
CELLSIZE 500 
NODATA_value -9999 
[rows 144 to 161 of 201, columns 41 to 81 of 282]
1.6345847084671e-11 1.65748345518025e-11 1.67235392974577e-11 1.6789843161638e-11 1.67730999744104e-11 1.66734207960763e-11 1.6492702672775e-11 1.62342474220832e-11 1.59022230768319e-11 1.55019822125215e-11 1.50385348465465e-11 1.45192571243869e-11 1.39524829689576e-11 1.33469256720402e-11 1.27076183096471e-11 1.20444266036976e-11 1.13657122949143e-11 1.06800955201675e-11 9.99529425852038e-12 9.31930291761977e-12 8.65963157966031e-12 8.0232169416709e-12 7.41664330695597e-12 6.84549449382266e-12 6.31629800978746e-12 5.83339483339646e-12 5.40119790312292e-12 5.02359641384836e-12 4.70419867860084e-12 4.44565012127787e-12 4.25024155623366e-12 4.12000093314978e-12 4.05638850602438e-12 4.06062940597449e-12 4.13278849788327e-12 4.27283314892439e-12 4.48290801165887e-12 4.7582947547165e-12 5.09746232089993e-12 5.49860825221597e-12 5.95807996432808e-12
1.47821704952927e-11 1.49662544434381e-11 1.50763639214384e-11 1.51109479463774e-11 1.50698158199013e-11 1.49535481339997e-11 1.47643057806632e-11 1.45055299856308e-11 1.41814773050321e-11 1.37974531370506e-11 1.33582162958817e-11 1.28708450129329e-11 1.23433211203495e-11 1.17839066283917e-11 1.11967074437735e-11 1.05909943106615e-11 9.9743399082931e-12 9.35455296457018e-12 8.73844800513595e-12 8.13315242008119e-12 7.54529785842492e-12 6.98099476185862e-12 6.44603357120778e-12 5.94531068471568e-12 5.48464723583575e-12 5.06789780278576e-12 4.69904656689812e-12 4.38167504811506e-12 4.11921201876624e-12 3.91423933617805e-12 3.76908969243361e-12 3.68596374096044e-12 3.66658659173339e-12 3.712566878026e-12 3.82436937816568e-12 4.00246658690315e-12 4.24976891997418e-12 4.56184262918042e-12 4.93769479026333e-12 5.37615758723873e-12 5.87405900844958e-12
1.33005959318885e-11 1.3446196077622e-11 1.35240452374333e-11 1.35330675668057e-11 1.34734369480304e-11 1.33460932417104e-11 1.31533707998716e-11 1.28987636335379e-11 1.25865307097645e-11 1.22218622104606e-11 1.18092145937263e-11 1.13553247326173e-11 1.08678024716701e-11 1.03544638461994e-11 9.81848034760031e-12 9.26856739561162e-12 8.71155865479442e-12 8.15451798443918e-12 7.60343241897342e-12 7.06465273172541e-12 6.54403068730491e-12 6.04695205022257e-12 5.57851940100032e-12 5.14304709023824e-12 4.74575030900885e-12 4.39009385711463e-12 4.07972074690458e-12 3.81798318730607e-12 3.60819886287128e-12 3.45294108291548e-12 3.35462918486227e-12 3.31566907092446e-12 3.33807166281244e-12 3.42383768513155e-12 3.57383047151508e-12 3.78902003437092e-12 4.0730597042315e-12 4.4217801812023e-12 4.83469386409675e-12 5.31122996206266e-12 5.84865542691325e-12
1.19068980258162e-11 1.20200023599513e-11 1.20714327591865e-11 1.20605028582647e-11 1.19876675699795e-11 1.18541269394721e-11 1.1662308011316e-11 1.14156818880569e-11 1.11184346092156e-11 1.0775583545322e-11 1.03912425285489e-11 9.97177298834679e-12 9.5243997743529e-12 9.05650406714781e-12 8.57032583171911e-12 8.0740660564253e-12 7.57387157729278e-12 7.07612779519053e-12 6.5860694846597e-12 6.10935816512851e-12 5.65116011206623e-12 5.21623282153865e-12 4.80909084452483e-12 4.43356455248112e-12 4.0943574240593e-12 3.79463305828421e-12 3.53777328042808e-12 3.32697193260575e-12 3.16549657142669e-12 3.05596081735088e-12 3.00090955123153e-12 3.0029799763573e-12 3.06448589621005e-12 3.18782400221744e-12 3.37425238127791e-12 3.62522794798984e-12 3.94511897384011e-12 4.33000427496903e-12 4.77986878803136e-12 5.29470091716391e-12 5.87216746043552e-12
1.0603965975272e-11 1.06899656009054e-11 1.07201686532011e-11 1.06942017060405e-11 1.06127272253265e-11 1.04771199512254e-11 1.02898309449113e-11 1.00542457797001e-11 9.77441497296175e-12 9.45513742521726e-12 9.10015586494021e-12 8.71543223842178e-12 8.30780029584869e-12 7.88422264297014e-12 7.44602040242476e-12 7.00092068414642e-12 6.55443599926e-12 6.11233731924864e-12 5.6791791983437e-12 5.26001542429687e-12 4.85941406216485e-12 4.4815925452881e-12 4.13056797800082e-12 3.80977454086546e-12 3.5234890595451e-12 3.27465180083637e-12 3.06645330870538e-12 2.90199036691133e-12 2.7845319887788e-12 2.7167730083909e-12 2.70141534898542e-12 2.74134775759206e-12 2.83919724977379e-12 2.99775593229226e-12 3.21867015961198e-12 3.50387003580065e-12 3.8584056904972e-12 4.27859190033096e-12 4.76485373974848e-12 5.31770121331362e-12 5.93516491415055e-12
9.39345544873338e-12 9.45712711272081e-12 9.47063205317108e-12 9.43384255941912e-12 9.34756539358078e-12 9.21327793391663e-12 9.03339868353198e-12 8.8111780055982e-12 8.55048097517375e-12 8.25585411890801e-12 7.93065196943172e-12 7.58042281843121e-12 7.21160976238898e-12 6.83077771613734e-12 6.43835158425654e-12 6.04162431792882e-12 5.64552655806459e-12 5.2552760919482e-12 4.87481578463366e-12 4.50866697635906e-12 4.16087929242625e-12 3.83520972540668e-12 3.53525886255306e-12 3.26414184056376e-12 3.02578420743164e-12 2.82296979281771e-12 2.65875711508411e-12 2.53619721519397e-12 2.45860221045993e-12 2.42878124150326e-12 2.44961682677779e-12 2.52426241245111e-12 2.65566197325951e-12 2.84699777550346e-12 3.10029472670749e-12 3.41793890317592e-12 3.80562372383058e-12 4.25989157513388e-12 4.78157532780719e-12 5.37166894767431e-12 6.02853360832033e-12
8.27701169007129e-12 8.32265374234621e-12 8.32347465614143e-12 8.27953278467123e-12 8.19172409264231e-12 8.06156737239987e-12 7.89140149744814e-12 7.68430204040572e-12 7.44390855476613e-12 7.17449018534743e-12 6.8790045908421e-12 6.56257958024237e-12 6.23127222359292e-12 5.89127300711665e-12 5.54214194792952e-12 5.19077548863011e-12 4.84157411849598e-12 4.49926069688056e-12 4.16723177208262e-12 3.84954603884481e-12 3.54980812973328e-12 3.27138719280219e-12 3.01754041717126e-12 2.79113252147358e-12 2.59580556008775e-12 2.43424492059961e-12 2.30942838879793e-12 2.22440448659909e-12 2.18256291163667e-12 2.18685290223372e-12 2.24035504252631e-12 2.346494462321e-12 2.50853185898587e-12 2.7300290218668e-12 3.01337700919438e-12 3.36139717272486e-12 3.7803820094346e-12 4.26709629663887e-12 4.82274769529939e-12 5.44877556493476e-12 6.1438402048726e-12
7.25360429932115e-12 7.28489489133773e-12 7.27639310937007e-12 7.22829305679567e-12 7.1415348351162e-12 7.01762991225127e-12 6.85880183899083e-12 6.66792367265994e-12 6.44838091835311e-12 6.20415079582321e-12 5.93779497886128e-12 5.65402247238e-12 5.35851394181164e-12 5.05711137218781e-12 4.74855030054933e-12 4.43936600528883e-12 4.13347920298047e-12 3.83517214956542e-12 3.54735606373115e-12 3.27368976534245e-12 3.0173982269928e-12 2.78152634167931e-12 2.56905108495567e-12 2.38264472070983e-12 2.22572366206952e-12 2.10092208112477e-12 2.01117792570436e-12 1.95957079864109e-12 1.949592568433e-12 1.98435062137095e-12 2.06713354272094e-12 2.20163816388029e-12 2.39143601634857e-12 2.64045211175345e-12 2.95142813744404e-12 3.32759631882168e-12 3.77579848701132e-12 4.29301943661544e-12 4.88080808569907e-12 5.54100994310518e-12 6.27255495057738e-12
6.32157218586232e-12 6.34164087907677e-12 6.32660449209435e-12 6.27675071516415e-12 6.19302739702119e-12 6.07690069014998e-12 5.93045289062238e-12 5.75633696150863e-12 5.55766572509765e-12 5.33811887280835e-12 5.09987096482322e-12 4.84722124888524e-12 4.58548771022292e-12 4.32019170819264e-12 4.04929339032803e-12 3.77900030957179e-12 3.51280227417506e-12 3.25459214010222e-12 3.0068532737829e-12 2.7729014341552e-12 2.55564037415612e-12 2.35784661670927e-12 2.1822714894465e-12 2.03144342475783e-12 1.90860213299192e-12 1.81636800967709e-12 1.75767056597754e-12 1.73564468974049e-12 1.75390012054033e-12 1.81571217258499e-12 1.92457962465646e-12 2.08446371652732e-12 2.29923406979724e-12 2.57315713977436e-12 2.90930520009626e-12 3.31129232247511e-12 3.78645373251031e-12 4.3319933080128e-12 4.94976629451939e-12 5.64198370093257e-12 6.40781682966e-12
5.47827194061159e-12 5.48977194801045e-12 5.4705042470211e-12 5.4208161021765e-12 5.34163511228603e-12 5.23435403391531e-12 5.10089676004021e-12 4.94368736228634e-12 4.76555552390264e-12 4.56988478499621e-12 4.35847699006131e-12 4.13523553540098e-12 3.90513100320252e-12 3.67339056843048e-12 3.43725396634956e-12 3.20262881662792e-12 2.97261951407013e-12 2.7507741886927e-12 2.53919961589517e-12 2.34091694251083e-12 2.15855818557464e-12 1.99467802358279e-12 1.85184689989561e-12 1.73248808244786e-12 1.63970433049384e-12 1.57613038156985e-12 1.5447101677394e-12 1.54865019651804e-12 1.59168667559191e-12 1.67726664524308e-12 1.80909610545837e-12 1.99138893025572e-12 2.2282964758447e-12 2.52440186295373e-12 2.88308637737567e-12 3.30831504303234e-12 3.80785721307263e-12 4.37913791034232e-12 5.02428419444613e-12 5.74583201584455e-12 6.54316786496086e-12
4.7207816562357e-12 4.72592404989659e-12 4.70427267579934e-12 4.65620641072126e-12 4.582610955848e-12 4.48478536989434e-12 4.36448503167853e-12 4.22390362111515e-12 4.06558424325612e-12 3.89262203166031e-12 3.70646575444272e-12 3.51064214807896e-12 3.3097919821731e-12 3.10887523449935e-12 2.90447371965237e-12 2.70222068167634e-12 2.50487909785383e-12 2.31569434881156e-12 2.1364451961198e-12 1.96990195270197e-12 1.81846910199592e-12 1.68452018143865e-12 1.57048300867667e-12 1.47870739617384e-12 1.41219208596075e-12 1.37360699653119e-12 1.36592622592421e-12 1.39243718275494e-12 1.45700431323465e-12 1.56324379093889e-12 1.71505979864837e-12 1.9169012540943e-12 2.17317951876487e-12 2.48876457255745e-12 2.86732116894057e-12 3.31313013578397e-12 3.83433035570038e-12 4.42856987751409e-12 5.09821113821747e-12 5.84607246527155e-12 6.67172934077909e-12
4.04461675841031e-12 4.04518529156052e-12 4.02257219744676e-12 3.97716657255809e-12 3.90979721053221e-12 3.82165678178269e-12 3.71432879345919e-12 3.58978175179925e-12 3.45027482927981e-12 3.29862780480637e-12 3.13595981677093e-12 2.96544390784295e-12 2.79140973102041e-12 2.6185754817519e-12 2.44293271800695e-12 2.26986196806949e-12 2.10182570517822e-12 1.94180394136604e-12 1.79129156947451e-12 1.6528456396946e-12 1.5286806334361e-12 1.42102261777596e-12 1.33218754358397e-12 1.26447579183435e-12 1.22080752587231e-12 1.20390112014341e-12 1.2167693653627e-12 1.26278287333055e-12 1.34592958218183e-12 1.46998618522022e-12 1.63904048929272e-12 1.85775368003155e-12 2.13077092004734e-12 2.46321505057188e-12 2.85900550871411e-12 3.3227004738525e-12 3.86273986502955e-12 4.47699649039608e-12 5.16803061629357e-12 5.93889921322403e-12 6.78934100778006e-12
3.44509884831006e-12 3.44251912588134e-12 3.42001375175411e-12 3.37796593739637e-12 3.31713780917184e-12 3.23860892774752e-12 3.14379277385773e-12 3.03444305442571e-12 2.91254209959707e-12 2.78065127300334e-12 2.63958593266218e-12 2.49219098992132e-12 2.34250391610035e-12 2.19502435849752e-12 2.0452253591102e-12 1.8982525365569e-12 1.75630560954899e-12 1.62213228286418e-12 1.49698368007101e-12 1.38323566547157e-12 1.28294447377153e-12 1.19821640957523e-12 1.1312800625791e-12 1.08440415471068e-12 1.0604496104358e-12 1.06219061609595e-12 1.09268165444294e-12 1.15537358235857e-12 1.25436835262443e-12 1.39359023276848e-12 1.57729226055027e-12 1.81032186495489e-12 2.09752848759768e-12 2.44425134822345e-12 2.85463372000203e-12 3.33347060245483e-12 3.88943214272458e-12 4.52061737122207e-12 5.22974627031423e-12 6.02006996171613e-12 6.89146497707142e-12
2.91695874809416e-12 2.91232446039405e-12 2.89067391922337e-12 2.85237304728261e-12 2.79811215747672e-12 2.72885612460548e-12 2.64585473326627e-12 2.55066172187309e-12 2.44499330972421e-12 2.33117268163452e-12 2.20973909983763e-12 2.08323705623627e-12 1.95543094577993e-12 1.83062288786679e-12 1.7038424146778e-12 1.58001470987828e-12 1.46111147662129e-12 1.34967723485439e-12 1.24675569846253e-12 1.15456862396825e-12 1.0750404857191e-12 1.01018008902723e-12 9.62147449979165e-13 9.33191715606705e-13 9.26128216905374e-13 9.43788892383839e-13 9.89267841160887e-13 1.06608834729647e-12 1.17845257289953e-12 1.33041537262465e-12 1.52637307332568e-12 1.77133011001897e-12 2.07030810773249e-12 2.42882382189309e-12 2.85121156132078e-12 3.34246085354655e-12 3.91139983017357e-12 4.55635423793001e-12 5.28016530033254e-12 6.08623331763781e-12 6.97454739106061e-12
2.45349114067785e-12 2.44772389020878e-12 2.42753281778428e-12 2.3932575596533e-12 2.34551337239848e-12 2.28515081736865e-12 2.2132634246701e-12 2.13122070453997e-12 2.04048333993813e-12 1.94315623857362e-12 1.8395285550102e-12 1.73187087503247e-12 1.62369105660697e-12 1.51911011070843e-12 1.41278930169907e-12 1.30944340364273e-12 1.21084673449247e-12 1.11936541610688e-12 1.03586834989569e-12 9.62445923463944e-13 9.00913184492196e-13 8.53199798935267e-13 8.21412201737973e-13 8.07788606274419e-13 8.15109038086702e-13 8.46262274525652e-13 9.04377469720056e-13 9.93040187962867e-13 1.11653710215895e-12 1.27903480412789e-12 1.48504936969088e-12 1.73971162165934e-12 2.04818191647732e-12 2.41611455280291e-12 2.84800072852614e-12 3.34898095147208e-12 3.92796845812539e-12 4.58351420472791e-12 5.31854149393369e-12 6.13655396129707e-12 7.0376273787735e-12
2.05268089255075e-12 2.04637218597028e-12 2.02790852184086e-12 1.99759894075205e-12 1.95598700949301e-12 1.90381482827199e-12 1.84203274128972e-12 1.77184750110598e-12 1.69447946633491e-12 1.61183979022008e-12 1.52399667387037e-12 1.43297665041152e-12 1.34204952816882e-12 1.25517109794295e-12 1.16671210489172e-12 1.08118571700262e-12 1.00019744076026e-12 9.25957014836574e-13 8.59188095579657e-13 8.01868399560935e-13 7.55721434631464e-13 7.22611391059212e-13 7.04601131701466e-13 7.03921653682787e-13 7.23322742211996e-13 7.65744535157256e-13 8.34342299296744e-13 9.32749640857562e-13 1.06531842515239e-12 1.23630515756586e-12 1.45031937601599e-12 1.71258568380551e-12 2.0283681409049e-12 2.40341770243927e-12 2.84234743748048e-12 3.35040508301263e-12 3.9365174230147e-12 4.59945781594256e-12 5.34219358130582e-12 6.16828698914327e-12 7.07787560891729e-12
1.70618224476202e-12 1.69981077054844e-12 1.68326678692633e-12 1.65682684063455e-12 1.62096385013608e-12 1.57631870079436e-12 1.52371104353134e-12 1.46420576377862e-12 1.39879624697394e-12 1.32922284694559e-12 1.25535935063221e-12 1.17901602390354e-12 1.10324062463372e-12 1.03183543352522e-12 9.58956700435029e-13 8.88921834803034e-13 8.23192638614031e-13 7.6384133185938e-13 7.11473117697609e-13 6.67968926413318e-13 6.34976072374588e-13 6.14304763400826e-13 6.07982378599413e-13 6.1823498161591e-13 6.4778590252679e-13 6.99620126904046e-13 7.76909842925546e-13 8.83322237043227e-13 1.02325536457099e-12 1.20103360814804e-12 1.42133411245362e-12 1.68944299619533e-12 2.01069318312326e-12 2.3908916542218e-12 2.83473773195611e-12 3.3475421448059e-12 3.93817451336482e-12 4.60562387430242e-12 5.35286214305047e-12 6.18346372673936e-12 7.09760055958836e-12
1.40993327200163e-12 1.40375697675515e-12 1.38912103705188e-12 1.36626985373943e-12 1.33560978191223e-12 1.29769170193566e-12 1.25321837922038e-12 1.20313566393573e-12 1.14822377789625e-12 1.09007594764269e-12 1.02839764427006e-12 9.6481034609717e-13 9.02154934147225e-13 8.44088727543322e-13 7.84628749970497e-13 7.27899990017498e-13 6.75242279967914e-13 6.28605888815042e-13 5.88500825505106e-13 5.56723357386397e-13 5.34856063565377e-13 5.24662809102359e-13 5.28139698011349e-13 5.47506522821246e-13 5.85459981563626e-13 6.4502030335927e-13 7.29364455543772e-13 8.42176086357947e-13 9.87878682369317e-13 1.17084015337873e-12 1.3957779684717e-12 1.66800695150213e-12 1.99289379044266e-12 2.37626143646506e-12 2.82286022756704e-12 3.33802116376947e-12 3.9304902423726e-12 4.59946458277168e-12 5.34788458680077e-12 6.17929413093985e-12 7.09387496448669e-12
