file1.asc
NCOLS 282 
NROWS 201 
XLLCORNER 210603.385252414 
YLLCORNER 295450.363936035 
CELLSIZE 500 
NODATA_value -9999 
[rows 108 to 125 of 201, columns 205 to 245 of 282]
3.13759161972517e-11 3.39223056164882e-11 3.68486959037463e-11 4.01993566732109e-11 4.40288863307075e-11 4.83911788434265e-11 5.3339985485519e-11 5.89334809300081e-11 6.52242567932277e-11 7.22636545098248e-11 8.00988822607294e-11 8.87701280309433e-11 9.8308559216666e-11 1.08735899324208e-10 1.20059533053061e-10 1.32271754484602e-10 1.45348233057843e-10 1.59242962804779e-10 1.73891116102945e-10 1.89205179123715e-10 2.05076641731722e-10 2.21373299808416e-10 2.37942491464041e-10 2.54612618969047e-10 2.71194016348715e-10 2.87483855757946e-10 3.03269764185211e-10 3.18333396799462e-10 3.32455459717016e-10 3.45421996720458e-10 3.57029785467987e-10 3.67089167397264e-10 3.75431098671298e-10 3.81912816837122e-10 3.86418881534137e-10 3.88866117130083e-10 3.89206553770608e-10 3.87428257809977e-10 3.83554577928266e-10 3.77644566799924e-10 3.69791403214505e-10
3.04561813437524e-11 3.29217149778322e-11 3.57481443543109e-11 3.89761475621088e-11 4.26555625958442e-11 4.68353332100225e-11 5.15638089121509e-11 5.68937439876687e-11 6.28717537813658e-11 6.95431641154711e-11 7.69492176682071e-11 8.51241946261391e-11 9.4093757032256e-11 1.038746121248e-10 1.14469793301371e-10 1.25868192697706e-10 1.38043193074644e-10 1.50947955635864e-10 1.64518331420506e-10 1.78669263747818e-10 1.93296633348742e-10 2.08274714637316e-10 2.23459452261269e-10 2.38690023372299e-10 2.53789663900842e-10 2.68570446042052e-10 2.82836759898004e-10 2.96388607522701e-10 3.09026270751944e-10 3.20556338149348e-10 3.30796456985434e-10 3.39577877905391e-10 3.46751888877317e-10 3.52194993701381e-10 3.55809410364877e-10 3.57527563667786e-10 3.5731453808978e-10 3.55168494363467e-10 3.51119729725949e-10 3.45230784883009e-10 3.37594763326925e-10
2.944902065529e-11 3.18265192668139e-11 3.45452108209496e-11 3.76422404841933e-11 4.11628150326521e-11 4.51510895197714e-11 4.96502167786395e-11 5.47077804782736e-11 6.03647197057918e-11 6.66606959573347e-11 7.36313808718195e-11 8.13056012642485e-11 8.97040079511295e-11 9.88388233818242e-11 1.08709295544047e-10 1.19301500102091e-10 1.30587120802107e-10 1.42519076606773e-10 1.55034448104068e-10 1.680511449844e-10 1.81469865265921e-10 1.95171704236807e-10 2.09021432644159e-10 2.22869077787165e-10 2.36550698055722e-10 2.49893006014105e-10 2.6271670064596e-10 2.74839484775651e-10 2.86080374966504e-10 2.96265472303827e-10 3.05232081659276e-10 3.12831010700515e-10 3.18932405230343e-10 3.23430466096726e-10 3.26243471060651e-10 3.27317845896727e-10 3.26630174929813e-10 3.24187262020503e-10 3.20025042261042e-10 3.14208419805245e-10 3.06829517178028e-10
2.83580035766351e-11 3.06409633326756e-11 3.32449894479852e-11 3.62037787033711e-11 3.95580672727975e-11 4.33474165744245e-11 4.76100228447273e-11 5.23885786399959e-11 5.77186817839812e-11 6.36347117417244e-11 7.01671914245085e-11 7.73399726144543e-11 8.51692060137683e-11 9.36631708004182e-11 1.02817897672851e-10 1.12617223399629e-10 1.23031702438255e-10 1.34014570704556e-10 1.45504647451408e-10 1.57423263493873e-10 1.69676294823757e-10 1.8215192226832e-10 1.94723874928647e-10 2.072530098085e-10 2.19588026079587e-10 2.31569910785322e-10 2.4303510961237e-10 2.538182729973e-10 2.63756208789527e-10 2.72693400825759e-10 2.8048551360952e-10 2.87001483496921e-10 2.92128777751493e-10 2.95777678247056e-10 2.97880892897885e-10 2.98397234792927e-10 2.97313236857609e-10 2.94642914591547e-10 2.9042656496541e-10 2.84730380284243e-10 2.77644658292504e-10
2.71937163518936e-11 2.93768287259757e-11 3.18606710876694e-11 3.46755990352362e-11 3.78580671262157e-11 4.14432621037954e-11 4.54646883527889e-11 4.99604435274087e-11 5.49611389487299e-11 6.04962677855681e-11 6.6591634852909e-11 7.3266597713344e-11 8.05333125649561e-11 8.83966435439023e-11 9.6849950936739e-11 1.05875379334278e-10 1.15442883994023e-10 1.25506525689476e-10 1.36007312573303e-10 1.46870382970948e-10 1.58007076107659e-10 1.69312840004517e-10 1.80670406817404e-10 1.91951352282677e-10 2.03016743069412e-10 2.13721384898306e-10 2.23916821934311e-10 2.33453819095729e-10 2.42185961485004e-10 2.49974924550658e-10 2.56693388219027e-10 2.62226955169885e-10 2.66478859446929e-10 2.69373845737457e-10 2.70857435566206e-10 2.70899244136892e-10 2.69494245197983e-10 2.66662290557727e-10 2.62446830437519e-10 2.56914346051083e-10 2.5015254963727e-10
2.59648705371103e-11 2.80437269682169e-11 3.04029640657346e-11 3.30697311144151e-11 3.60764207405208e-11 3.94540935030554e-11 4.3231856457565e-11 4.74435303195446e-11 5.2115119206292e-11 5.72716432640754e-11 6.29346313010445e-11 6.91194314644822e-11 7.58347055552758e-11 8.30824154637535e-11 9.08537722579905e-11 9.91297373881552e-11 1.07880148169278e-10 1.17060335334568e-10 1.26613873892725e-10 1.36470012735694e-10 1.46545748265576e-10 1.56743878291686e-10 1.66956079704491e-10 1.77064431551113e-10 1.86941991449303e-10 1.96456829722028e-10 2.05474850489303e-10 2.13862020411267e-10 2.21487622692353e-10 2.28229282889243e-10 2.339753223524e-10 2.38626535257855e-10 2.42100375697242e-10 2.4433446119e-10 2.45285556638018e-10 2.44932557778845e-10 2.43277450744224e-10 2.40344639758414e-10 2.36179619790912e-10 2.30848267971718e-10 2.24435059026362e-10
2.46812618169809e-11 2.66522463786662e-11 2.88833836519902e-11 3.13987663450685e-11 3.42269605829462e-11 3.73951634751783e-11 4.09283935410238e-11 4.48565190484519e-11 4.9201326017784e-11 5.39837789148216e-11 5.92215724608646e-11 6.49265246942571e-11 7.1104291307579e-11 7.77544263690705e-11 8.48664881851278e-11 9.24207317055081e-11 1.00387318592719e-10 1.08723246413262e-10 1.17374982005952e-10 1.26276128128872e-10 1.35349469529784e-10 1.44505168818765e-10 1.53643721177335e-10 1.62657426427681e-10 1.71430892098042e-10 1.7984484022368e-10 1.8777874530136e-10 1.95112821336092e-10 2.01730941107388e-10 2.07525421327961e-10 2.12398850086472e-10 2.1626575046597e-10 2.1905627759628e-10 2.20719374774795e-10 2.21221535387767e-10 2.20549481267514e-10 2.18710859915137e-10 2.15733428169826e-10 2.11663705597551e-10 2.06566161206465e-10 2.00521468486702e-10
2.33554718710894e-11 2.52157696171426e-11 2.73162589118577e-11 2.9678143370792e-11 3.23264147435552e-11 3.52846838815611e-11 3.85742028411182e-11 4.22212164162778e-11 4.62436875317918e-11 5.06589409916293e-11 5.54812721857347e-11 6.07194339698243e-11 6.63765421468933e-11 7.24502072069432e-11 7.89287932665213e-11 8.57922789304175e-11 9.30115388227847e-11 1.00545571191274e-10 1.08343992243576e-10 1.16344928813086e-10 1.24477010041675e-10 1.32657701293097e-10 1.40796114520913e-10 1.48794417121197e-10 1.56548261189055e-10 1.63950353184242e-10 1.70892906342157e-10 1.77269399273135e-10 1.82977174308767e-10 1.87921985129494e-10 1.92019337025897e-10 1.9519606068569e-10 1.97393552408769e-10 1.98570610263265e-10 1.9870203010254e-10 1.9778100569596e-10 1.95819604016473e-10 1.92847847979668e-10 1.88912375137884e-10 1.84075554549778e-10 1.78413798976264e-10
2.19995323896069e-11 2.37473691545898e-11 2.57158575890851e-11 2.7923493354263e-11 3.03919571235652e-11 3.31415594357839e-11 3.61901150968238e-11 3.95605729200982e-11 4.32674668695509e-11 4.73248900631619e-11 5.1744159436646e-11 5.65314063494312e-11 6.16876444161634e-11 6.72089684211639e-11 7.30829631473604e-11 7.92897093463262e-11 8.58011250812324e-11 9.25784766633317e-11 9.95747173123839e-11 1.06732593708104e-10 1.13986560614782e-10 1.21261248454005e-10 1.28474112399769e-10 1.35536768205888e-10 1.42355349037117e-10 1.48833831817911e-10 1.54876303944711e-10 1.60388508604001e-10 1.65280137720525e-10 1.69469145620829e-10 1.7288264413773e-10 1.75458405952422e-10 1.77147682442565e-10 1.77917746224776e-10 1.77750372729581e-10 1.76643987393449e-10 1.74613956457563e-10 1.71691606838681e-10 1.67922911417564e-10 1.63367565672992e-10 1.58097373095542e-10
2.0626485168346e-11 2.22610950611667e-11 2.40973725257152e-11 2.615129655974e-11 2.84415062917326e-11 3.09853013126351e-11 3.37973895278573e-11 3.68977439938011e-11 4.02978561384962e-11 4.40089805877849e-11 4.80398561852836e-11 5.23944086928573e-11 5.70719529081453e-11 6.2067454346083e-11 6.73680854690348e-11 7.29543532534215e-11 7.87994903130111e-11 8.48672326775061e-11 9.11139909515476e-11 9.74871578034207e-11 1.03926927120394e-10 1.10364890434305e-10 1.1672651220307e-10 1.22932385132472e-10 1.28898517519363e-10 1.34539413517223e-10 1.39770156159962e-10 1.44507755166498e-10 1.48673152515056e-10 1.52195305072041e-10 1.55011679003587e-10 1.57069697776817e-10 1.58329172673845e-10 1.58764576701644e-10 1.58363457919447e-10 1.57128357196455e-10 1.55076948679157e-10 1.52241029656762e-10 1.48665250161294e-10 1.44406174920546e-10 1.39530754662092e-10
1.92486370558013e-11 2.07701716950633e-11 2.24750607214484e-11 2.43769643781713e-11 2.64917515539035e-11 2.88339991943857e-11 3.14156350242463e-11 3.4253965339066e-11 3.73578130248802e-11 4.07359684788216e-11 4.43949686194605e-11 4.8336918458518e-11 5.25598006784632e-11 5.70577950631745e-11 6.18179803666179e-11 6.6821560130797e-11 7.20432951558152e-11 7.74495305706434e-11 8.30001921910304e-11 8.86472814038433e-11 9.43365846163157e-11 1.00006393301956e-10 1.05589797140545e-10 1.11015853572051e-10 1.16209809874969e-10 1.21095937791974e-10 1.25599436758233e-10 1.29647600522171e-10 1.33171554929401e-10 1.36110112270773e-10 1.38409910897381e-10 1.40026818917669e-10 1.40928012444031e-10 1.41094004382356e-10 1.40517030128578e-10 1.39202757573045e-10 1.37170307934701e-10 1.34451243307897e-10 1.31088354806296e-10 1.27134731349767e-10 1.22652326295267e-10
1.78797349977562e-11 1.92893872604928e-11 2.086486168084e-11 2.26177006348853e-11 2.45612711609697e-11 2.67077097434541e-11 2.9066481298413e-11 3.16525180118958e-11 3.44723294699648e-11 3.75325911721591e-11 4.08379842905463e-11 4.43891413323326e-11 4.81830380978068e-11 5.22133653078962e-11 5.64673751337143e-11 6.09271825046697e-11 6.55692321179809e-11 7.03625566337205e-11 7.52705951542289e-11 8.02498616671476e-11 8.52515345960056e-11 9.02202948692984e-11 9.50964325590345e-11 9.98169274789233e-11 1.04315611220367e-10 1.085257595018e-10 1.12381821111111e-10 1.1582041984657e-10 1.1878184516105e-10 1.21213680866575e-10 1.23070636320107e-10 1.24315913059604e-10 1.24922965334351e-10 1.24877305717066e-10 1.24174898019848e-10 1.22823679380348e-10 1.20843488596442e-10 1.18265073997911e-10 1.15128951022829e-10 1.11484495419346e-10 1.07388611608732e-10
1.65309731596153e-11 1.78307499974532e-11 1.92796831705021e-11 2.08873991627421e-11 2.2665026555043e-11 2.46225356945042e-11 2.67672350132995e-11 2.91119585929632e-11 3.16612382774798e-11 3.4419959051682e-11 3.73912631723545e-11 4.05746235164398e-11 4.39662948624719e-11 4.75597315805061e-11 5.13425784672862e-11 5.52980256009065e-11 5.94043045374814e-11 6.36331591311807e-11 6.79514867841519e-11 7.2320166515664e-11 7.6695522187878e-11 8.10282726907798e-11 8.52654513772598e-11 8.93513964605918e-11 9.32278590224067e-11 9.68363591367314e-11 1.00119747498651e-10 1.03023059142691e-10 1.05494778323465e-10 1.07490244325632e-10 1.08971220268908e-10 1.0990722663006e-10 1.10277017703217e-10 1.10070184442637e-10 1.09285583722838e-10 1.07932690569613e-10 1.06031457577614e-10 1.03611360965264e-10 1.00710335329065e-10 9.7373905083573e-11 9.36539581577981e-11
1.52134635490288e-11 1.64062160079749e-11 1.77323979566596e-11 1.91999197300172e-11 2.08179262316859e-11 2.25944846019317e-11 2.45350383378583e-11 2.66505803169377e-11 2.89439772466774e-11 3.14186206068831e-11 3.40763994187175e-11 3.69159032846351e-11 3.99329122292503e-11 4.31208538072409e-11 4.646793838606e-11 4.99585467082445e-11 5.35727512431523e-11 5.72849811225903e-11 6.10654900331847e-11 6.48793300937447e-11 6.86876857538285e-11 7.24469299323871e-11 7.61103588053985e-11 7.96290924964211e-11 8.2952135604959e-11 8.60285055064197e-11 8.88086348662273e-11 9.12450932833666e-11 9.32936481104199e-11 9.49164504018964e-11 9.60813862781432e-11 9.67633785045535e-11 9.69456112580996e-11 9.66209491246536e-11 9.5790426280817e-11 9.44644452742081e-11 9.26625876628954e-11 9.04127116963338e-11 8.77499691246305e-11 8.47159852133569e-11 8.13577388565996e-11
1.39338850494984e-11 1.50232069152695e-11 1.62312314953177e-11 1.75643453131467e-11 1.90299502675908e-11 2.06344563287633e-11 2.23817131554529e-11 2.42811059520758e-11 2.63341211048109e-11 2.85429225683817e-11 3.09083980490096e-11 3.34284923194648e-11 3.60987174180158e-11 3.89126421983833e-11 4.18591725928937e-11 4.49239524360411e-11 4.8088907107572e-11 5.1331084336103e-11 5.4623955253102e-11 5.79365204949035e-11 6.12345147059005e-11 6.44795621633398e-11 6.76307321566474e-11 7.06453518338232e-11 7.34790259356007e-11 7.60875475024211e-11 7.84281503058196e-11 8.04601138795786e-11 8.21456417981758e-11 8.34528311308532e-11 8.43548493845422e-11 8.48312030219585e-11 8.48687412906336e-11 8.4462908873982e-11 8.36163133397133e-11 8.23397853938521e-11 8.06521576824873e-11 7.85794236563042e-11 7.61538388694705e-11 7.34131570212987e-11 7.03996148660783e-11
1.27028267738549e-11 1.36927515378131e-11 1.4787668791758e-11 1.59926288455444e-11 1.7313519940116e-11 1.87553274585876e-11 2.03205614380804e-11 2.2017214576077e-11 2.38456542258724e-11 2.58070567286552e-11 2.79015319208856e-11 3.01265858618336e-11 3.24776357462652e-11 3.49485246388024e-11 3.75289473952185e-11 4.02058468698518e-11 4.29629779576701e-11 4.57799065311587e-11 4.86331523018088e-11 5.14954139974326e-11 5.43366469586485e-11 5.71233116142606e-11 5.98197569884793e-11 6.23889487908317e-11 6.47924550560792e-11 6.69921510477976e-11 6.89513313401664e-11 7.06352129284813e-11 7.20116520567918e-11 7.30539011238268e-11 7.37396517646336e-11 7.40522675348201e-11 7.39815957474362e-11 7.3525069980551e-11 7.26863693267927e-11 7.14763537201339e-11 6.99128248644592e-11 6.80197524138513e-11 6.58264600579096e-11 6.33669219884147e-11 6.06788506557178e-11
1.15310622994035e-11 1.24263312219091e-11 1.34139088110305e-11 1.4497686412733e-11 1.56822526456057e-11 1.69713831032405e-11 1.83664810438325e-11 1.9874340136835e-11 2.14944424077298e-11 2.32271870860146e-11 2.50720982502272e-11 2.70264148048293e-11 2.908559708194e-11 3.12438594433451e-11 3.34917425804889e-11 3.5817489085385e-11 3.82066269134778e-11 4.06411095772123e-11 4.31003111969284e-11 4.55603583036302e-11 4.79950852444334e-11 5.03753688721463e-11 5.26703496080179e-11 5.48480788834157e-11 5.68754772019199e-11 5.87198461684904e-11 6.03498503432446e-11 6.17359320799144e-11 6.28508871037082e-11 6.36724133357459e-11 6.41820574892117e-11 6.4366407823999e-11 6.42177407204343e-11 6.37349879506949e-11 6.29224962264187e-11 6.17908506726127e-11 6.03566284104523e-11 5.86416953336456e-11 5.66724754369004e-11 5.44793099702146e-11 5.2095643793976e-11
1.04206597707981e-11 1.12263435991911e-11 1.21126982621808e-11 1.30826223967895e-11 1.4139601447132e-11 1.52863966353726e-11 1.65235144745389e-11 1.7856721489741e-11 1.92848205655875e-11 2.0807616332317e-11 2.24242104939084e-11 2.41317157384584e-11 2.59257435257138e-11 2.78009472563182e-11 2.97487413888425e-11 3.17586421717975e-11 3.38178700798261e-11 3.5910615192241e-11 3.80188958241633e-11 4.01219850875653e-11 4.21972504005333e-11 4.42195676557102e-11 4.61623905694378e-11 4.79983222999101e-11 4.96990520906675e-11 5.12366881833269e-11 5.25846198544314e-11 5.37178566524572e-11 5.46134820038843e-11 5.52529993048585e-11 5.56212161138479e-11 5.57073923753328e-11 5.55057464195745e-11 5.50163006026033e-11 5.42437470527068e-11 5.31981694913213e-11 5.18947989820812e-11 5.03533817894846e-11 4.85975289543835e-11 4.66541384217137e-11 4.45526745830702e-11
