file2.asc
NCOLS 282 
NROWS 201 
XLLCORNER 210603.385252414 
YLLCORNER 295450.363936035 
CELLSIZE 500 
NODATA_value -9999 
[rows 144 to 161 of 201, columns 205 to 245 of 282]
9.40653446634643e-12 9.83278478212018e-12 1.02634939229479e-11 1.06996617051735e-11 1.11390524800075e-11 1.15805301918282e-11 1.20196783561151e-11 1.24607920277404e-11 1.29020660261709e-11 1.33388744762901e-11 1.37732670828957e-11 1.42021023083051e-11 1.46240640594269e-11 1.50378213464764e-11 1.54420337007725e-11 1.58353568276131e-11 1.62164484845962e-11 1.65839745738006e-11 1.69366154337201e-11 1.72730723137198e-11 1.75920740101078e-11 1.78923836386986e-11 1.81728055140851e-11 1.84321921008043e-11 1.86694509963135e-11 1.88835519003058e-11 1.90735335195607e-11 1.92385103523927e-11 1.93776792920218e-11 1.94903259840068e-11 1.95758308694419e-11 1.96336748430757e-11 1.96634444540374e-11 1.9664836576559e-11 1.96376624791021e-11 1.95818512226919e-11 1.94974523230864e-11 1.93846376166887e-11 1.92437022768047e-11 1.90750649349088e-11 1.88792668709118e-11
8.65456993545183e-12 9.04327680039048e-12 9.43573889501901e-12 9.83291652287203e-12 1.02327021445552e-11 1.06340367866076e-11 1.10325085200249e-11 1.14326334374802e-11 1.18326956712673e-11 1.2228084796703e-11 1.2621043505778e-11 1.3008498003148e-11 1.33892518776255e-11 1.37620986768072e-11 1.41258268985786e-11 1.44792251573798e-11 1.48210875150923e-11 1.5150218965206e-11 1.5465441057228e-11 1.57655976460707e-11 1.60495607484297e-11 1.63162364849473e-11 1.65645710833129e-11 1.67935569134506e-11 1.700223852168e-11 1.71897186263224e-11 1.7355164032795e-11 1.74978114219293e-11 1.76169729612201e-11 1.7712041685115e-11 1.77824965874459e-11 1.78279073668293e-11 1.7847938764469e-11 1.78423544333944e-11 1.78110202788708e-11 1.77539072116009e-11 1.76710932584486e-11 1.75627649797753e-11 1.74292181480813e-11 1.72708576494324e-11 1.7088196577059e-11
7.94829839765327e-12 8.30243602410935e-12 8.65971777147701e-12 9.02106195799964e-12 9.38448402882214e-12 9.74899699825509e-12 1.01101930274252e-11 1.04727935527883e-11 1.08351660349088e-11 1.11927128280906e-11 1.15478555914522e-11 1.18975818173961e-11 1.2240804680093e-11 1.25764315025873e-11 1.29033683524144e-11 1.32205247596262e-11 1.35268185467482e-11 1.38211807596261e-11 1.41025606871314e-11 1.43699309562437e-11 1.46222926871203e-11 1.48586806904153e-11 1.50781686863487e-11 1.52798745219196e-11 1.54629653592729e-11 1.56266628046687e-11 1.57702479438678e-11 1.58930662461678e-11 1.59945322959264e-11 1.60741343073333e-11 1.61314383755689e-11 1.6166092415463e-11 1.61778297374512e-11 1.6166472210142e-11 1.6131932959247e-11 1.60742185540645e-11 1.59934306351932e-11 1.58897669407147e-11 1.57635216927187e-11 1.56150853117115e-11 1.5444943433103e-11
7.29244261950148e-12 7.61436386127956e-12 7.93889311978414e-12 8.26690664652423e-12 8.59653963453954e-12 8.9268741225516e-12 9.25350849860037e-12 9.58135531744131e-12 9.90886163578687e-12 1.02314426141736e-11 1.0551686616195e-11 1.08666384396403e-11 1.11753129502365e-11 1.14767226674753e-11 1.17698819874467e-11 1.20538114837665e-11 1.23275422759091e-11 1.25901204542323e-11 1.2840611550582e-11 1.307810504257e-11 1.33017188784168e-11 1.35106040076332e-11 1.37039489008255e-11 1.38809840395706e-11 1.40409863546896e-11 1.41832835884311e-11 1.43072585531373e-11 1.44123532560285e-11 1.44980728568998e-11 1.45639894229142e-11 1.46097454424022e-11 1.46350570577754e-11 1.46397169764297e-11 1.46235970179627e-11 1.45866502562457e-11 1.45289127159475e-11 1.44505045850503e-11 1.43516309077658e-11 1.42325817260425e-11 1.40937316425463e-11 1.39355387835386e-11
6.67793246252251e-12 6.97008192889447e-12 7.2643815624178e-12 7.56166486813509e-12 7.86018246668015e-12 8.1590815909798e-12 8.45396857689701e-12 8.74993142435428e-12 9.04549237302853e-12 9.33607921895076e-12 9.62443375038714e-12 9.90765382422486e-12 1.01848476774892e-11 1.04551241027766e-11 1.07175963230644e-11 1.09713859073365e-11 1.12156267162714e-11 1.14494688676531e-11 1.16720827112642e-11 1.18826628027754e-11 1.20804318655266e-11 1.22646447281124e-11 1.24345922243354e-11 1.25896050404145e-11 1.27290574923746e-11 1.28523712143622e-11 1.29590187362994e-11 1.30485269269022e-11 1.31204802757383e-11 1.31745239857903e-11 1.32103668460332e-11 1.32277838519241e-11 1.3226618540556e-11 1.32067850066234e-11 1.31682695653778e-11 1.31111320294823e-11 1.30355065681536e-11 1.29416021192419e-11 1.2829702327952e-11 1.27001649897434e-11 1.25534209795239e-11
6.10879387217316e-12 6.37350084728905e-12 6.63996097938155e-12 6.90896454630182e-12 7.17887309827468e-12 7.44889531046062e-12 7.71464773541199e-12 7.98137779524365e-12 8.24767889246163e-12 8.50899217826601e-12 8.76819975156367e-12 9.0224491797356e-12 9.27093452710391e-12 9.51285281407621e-12 9.74740756653513e-12 9.97381237488017e-12 1.01912944520205e-11 1.03990981803879e-11 1.05964886385461e-11 1.07827550981789e-11 1.09572144821188e-11 1.11192147736106e-11 1.12681383662127e-11 1.14034053426162e-11 1.15244766692662e-11 1.163085729203e-11 1.17220991163539e-11 1.1797803853439e-11 1.18576257120427e-11 1.1901273913664e-11 1.19285150071834e-11 1.19391749576052e-11 1.19331409824769e-11 1.19103631089255e-11 1.1870855424125e-11 1.18146969924693e-11 1.17420324138008e-11 1.16530719987957e-11 1.15480915400196e-11 1.14274316602606e-11 1.12914967234841e-11
5.57567440590804e-12 5.81490716017282e-12 6.05555349299297e-12 6.29836108919522e-12 6.54179869638321e-12 6.78513365813389e-12 7.02399639256103e-12 7.26377826346469e-12 7.50314098585063e-12 7.73754137620288e-12 7.96998960937744e-12 8.19768110653285e-12 8.41988953479246e-12 8.63589344113876e-12 8.84497949052362e-12 9.04644568799311e-12 9.23960457437511e-12 9.42378638613522e-12 9.59834217084282e-12 9.76264685026125e-12 9.91610222335542e-12 1.00581399014766e-11 1.01882241676366e-11 1.03058547511286e-11 1.04105695078162e-11 1.05019469952326e-11 1.05796089302578e-11 1.06432225156358e-11 1.06925026200257e-11 1.07272137947291e-11 1.07471721087807e-11 1.07522467828166e-11 1.07423616011241e-11 1.07174960806078e-11 1.06776863751483e-11 1.06230258940483e-11 1.05536656139946e-11 1.04698140652594e-11 1.03717369747337e-11 1.025975655083e-11 1.01342503982994e-11
5.083809201983e-12 5.29977637874601e-12 5.51687176466767e-12 5.73579996368812e-12 5.95513166269303e-12 6.17418867768076e-12 6.38861780472539e-12 6.60393694140955e-12 6.81887184416805e-12 7.02889625026598e-12 7.2371344836603e-12 7.44082683743642e-12 7.63931911834999e-12 7.83196354342125e-12 8.01812169445903e-12 8.19716743581567e-12 8.36848978517574e-12 8.53149572846096e-12 8.68561297102975e-12 8.83029261821684e-12 8.96501177886411e-12 9.08927608581557e-12 9.20262212737597e-12 9.30461978346818e-12 9.3948744596832e-12 9.47302921162768e-12 9.53876675097605e-12 9.59181132348044e-12 9.63193044793832e-12 9.65893650383471e-12 9.67268815413269e-12 9.67309158855726e-12 9.66010157177728e-12 9.63372228020815e-12 9.59400791080066e-12 9.5410630452051e-12 9.47504275315295e-12 9.39615241981544e-12 9.30464728330167e-12 9.20083167035554e-12 9.08505792069248e-12
4.62655085624632e-12 4.82105677603691e-12 5.01644755942767e-12 5.21338524051516e-12 5.41053798104128e-12 5.60727889169448e-12 5.79927504586422e-12 5.99215428937868e-12 6.18470348983506e-12 6.37241631057052e-12 6.55851855204276e-12 6.74029418774041e-12 6.91715541488163e-12 7.08852205196663e-12 7.25382422745134e-12 7.41250501467792e-12 7.56402300320014e-12 7.70785479809615e-12 7.8434974401627e-12 7.97047074098914e-12 8.08831952778162e-12 8.19661579341947e-12 8.29496074756403e-12 8.38298676469934e-12 8.46035922477494e-12 8.52677824166055e-12 8.58198027394521e-12 8.62573961175751e-12 8.657869732302e-12 8.67822451575408e-12 8.6866993120966e-12 8.68323184847926e-12 8.66780296580405e-12 8.64043717254991e-12 8.60120300340829e-12 8.55021317016205e-12 8.48762449244901e-12 8.41363759664401e-12 8.32849637209413e-12 8.23248717536138e-12 8.12593777496469e-12
4.20455252421691e-12 4.37955749638732e-12 4.55524884325815e-12 4.7322463672108e-12 4.90931077190543e-12 5.08586288411845e-12 5.25759373779352e-12 5.43022374693467e-12 5.60259746445772e-12 5.77023123471113e-12 5.93643888734726e-12 6.09854646299185e-12 6.25602622552991e-12 6.40835893547698e-12 6.55503629377197e-12 6.69556331904647e-12 6.82946064889751e-12 6.9562667572626e-12 7.07554008144286e-12 7.18686105359798e-12 7.28983403260656e-12 7.38408913301982e-12 7.46928394841585e-12 7.54510516677813e-12 7.61127007557689e-12 7.66752795404072e-12 7.71366134968954e-12 7.74948723559505e-12 7.77485804408e-12 7.78966257171422e-12 7.79382674956661e-12 7.78731427178494e-12 7.77012707476111e-12 7.74230565845304e-12 7.70392924093438e-12 7.65511573697852e-12 7.59602155149785e-12 7.52684117898913e-12 7.44780660080601e-12 7.35918647310492e-12 7.26128509969471e-12
3.8156047718039e-12 3.97269475521521e-12 4.13030663440994e-12 4.28901881806904e-12 4.44767996477e-12 4.60575553565458e-12 4.7589649487474e-12 4.91310420740777e-12 5.06707284869374e-12 5.21641370080842e-12 5.36451591407791e-12 5.50874711758817e-12 5.64863444238264e-12 5.78371415157671e-12 5.91353385794151e-12 6.03765466495392e-12 6.15565322225184e-12 6.26712368809177e-12 6.37167959296247e-12 6.46895559991961e-12 6.55860915843366e-12 6.64032204955542e-12 6.71380182097945e-12 6.77878311111266e-12 6.83502886153086e-12 6.88233141723803e-12 6.92051351394909e-12 6.94942915122254e-12 6.96896434971027e-12 6.97903779010899e-12 6.97960133063805e-12 6.97064039908332e-12 6.95217425468823e-12 6.92425611449468e-12 6.88697313818855e-12 6.84044626513513e-12 6.78482989713984e-12 6.72031142057522e-12 6.64711056190198e-12 6.5654785712979e-12 6.47569723010042e-12
3.45781648527534e-12 3.59860370763136e-12 3.73978161906384e-12 3.88188809382262e-12 4.0238550080079e-12 4.16518928817046e-12 4.30164318911992e-12 4.43907106411058e-12 4.57642461452241e-12 4.70927702559675e-12 4.84107982683275e-12 4.96924174493149e-12 5.09333948727189e-12 5.21295928948727e-12 5.32769892649134e-12 5.43716963997414e-12 5.54099797372393e-12 5.63882750983522e-12 5.73032050048659e-12 5.815159391472e-12 5.89304823500564e-12 5.96371399046313e-12 6.02690771264551e-12 6.08240562784269e-12 6.13001009842287e-12 6.16955047688791e-12 6.20088385032213e-12 6.22389567594571e-12 6.23850030809137e-12 6.24464141638887e-12 6.24229229430829e-12 6.23145605652294e-12 6.2121657228539e-12 6.1844841858987e-12 6.14850405887243e-12 6.10434739974497e-12 6.05216530748332e-12 5.99213738613622e-12 5.92447107265772e-12 5.84940082477486e-12 5.76718716587382e-12
3.12816327906499e-12 3.25407655380069e-12 3.38027711420203e-12 3.50726363211537e-12 3.63404686298019e-12 3.76017253061032e-12 3.88143080074277e-12 4.00371765882884e-12 4.12603477310911e-12 4.24399037748274e-12 4.36108610629679e-12 4.47477214419311e-12 4.58467032370389e-12 4.69041219636025e-12 4.79164085125966e-12 4.88801264557841e-12 4.97919883885922e-12 5.06488712462398e-12 5.1447830545182e-12 5.2186113517447e-12 5.28611711195006e-12 5.34706689095747e-12 5.40124967976727e-12 5.4484777680554e-12 5.4885874979796e-12 5.52143991045455e-12 5.54692128618574e-12 5.56494358367549e-12 5.57544477615457e-12 5.57838908898036e-12 5.57376713851103e-12 5.56159597285577e-12 5.5419190142538e-12 5.51480590219418e-12 5.48035223579654e-12 5.43867921347091e-12 5.38993316750018e-12 5.33428499097492e-12 5.27192945448371e-12 5.20308441014399e-12 5.12798988096067e-12
2.82608725026305e-12 2.93851856825631e-12 3.05115838911401e-12 3.16446734987991e-12 3.27753050136085e-12 3.38992948996792e-12 3.49749728638576e-12 3.60615461006783e-12 3.71495069117938e-12 3.81953342075423e-12 3.92344211604248e-12 4.02416872202259e-12 4.12137570069743e-12 4.21473525627739e-12 4.30393097856975e-12 4.38865939593017e-12 4.46863143007126e-12 4.54357374673182e-12 4.61322999787039e-12 4.67736195261698e-12 4.73575051565954e-12 4.78819663302496e-12 4.83452208631181e-12 4.87457017732478e-12 4.90820630573797e-12 4.93531844287114e-12 4.95581750490441e-12 4.96963762889451e-12 4.97673635480753e-12 4.97709471647425e-12 4.97071724393512e-12 4.95763187910649e-12 4.93788980610543e-12 4.9115651969566e-12 4.87875487280919e-12 4.83957788025414e-12 4.79417498188619e-12 4.74270805993342e-12 4.68535943160632e-12 4.62233107481908e-12 4.55384376312326e-12
2.54904939927632e-12 2.64923632607641e-12 2.74957253373595e-12 2.85048206255584e-12 2.9511199420589e-12 3.05110119439915e-12 3.14630682472157e-12 3.24266589019374e-12 3.33927318351128e-12 3.43182136523813e-12 3.52387557569717e-12 3.61297040143106e-12 3.69880506380034e-12 3.78108841759843e-12 3.85954043335369e-12 3.93389358847614e-12 4.00389416001819e-12 4.06930341349609e-12 4.12989868385996e-12 4.18547434626543e-12 4.23584267575259e-12 4.28083459624642e-12 4.32030032043131e-12 4.35410988299979e-12 4.38215357052065e-12 4.40434225170649e-12 4.42060761218821e-12 4.4309022980309e-12 4.43519997216768e-12 4.43349528770556e-12 4.42580378169635e-12 4.41216169249588e-12 4.39262570329016e-12 4.36727261378117e-12 4.33619894143522e-12 4.29952045313643e-12 4.25737162759112e-12 4.20990504842574e-12 4.15729072763711e-12 4.0997153589107e-12 4.03738150033671e-12
2.29385818910444e-12 2.38285274636488e-12 2.47195212331679e-12 2.56154561408806e-12 2.65085436282038e-12 2.73952472439015e-12 2.82349143124255e-12 2.90867624929406e-12 2.99421811193382e-12 3.07586018837333e-12 3.15718237018943e-12 3.23576348297562e-12 3.31133642183298e-12 3.38364350038013e-12 3.45243778113885e-12 3.51748431531848e-12 3.57856128529676e-12 3.63546104472668e-12 3.68799105280485e-12 3.73597470077727e-12 3.77925203019911e-12 3.81768034377435e-12 3.85113471075403e-12 3.87950836984674e-12 3.90271303337891e-12 3.92067909702701e-12 3.93335575982805e-12 3.94071105936479e-12 3.9427318270287e-12 3.93942356810476e-12 3.93081027111999e-12 3.91693415047819e-12 3.8978553258968e-12 3.87365144159891e-12 3.84441722762779e-12 3.8102640050741e-12 3.77131913646916e-12 3.72772542212966e-12 3.67964044286476e-12 3.62723584919832e-12 3.57069659713182e-12
2.06240063640776e-12 2.14136964284724e-12 2.22041468490163e-12 2.29989153951363e-12 2.37908296783528e-12 2.45766393786638e-12 2.53162775920957e-12 2.60687280349932e-12 2.68257990822499e-12 2.75454762648545e-12 2.82635889152412e-12 2.89563754457475e-12 2.96214632694731e-12 3.02565709749719e-12 3.08595202836449e-12 3.14282471189864e-12 3.19608117253e-12 3.24554077892225e-12 3.29103705329301e-12 3.33241837628982e-12 3.36954858721932e-12 3.40230748072109e-12 3.43059120212717e-12 3.45431254473438e-12 3.47340115302382e-12 3.4878036364813e-12 3.49748359910222e-12 3.50242158990578e-12 3.50261497984779e-12 3.49807777042067e-12 3.48884033898422e-12 3.47494912550374e-12 3.45646626490911e-12 3.43346916875818e-12 3.40605005931989e-12 3.37431545861602e-12 3.33838563440495e-12 3.29839400458301e-12 3.25448650104279e-12 3.20682089368547e-12 3.15556607505028e-12
1.85000008417152e-12 1.91983339375585e-12 1.98972286841726e-12 2.05999265727526e-12 2.12998343635199e-12 2.19939691735002e-12 2.26429057377003e-12 2.33052460790081e-12 2.39732050721831e-12 2.46053804102122e-12 2.52375281839988e-12 2.58463559683199e-12 2.64297639485191e-12 2.69857399257119e-12 2.75123700116976e-12 2.800784846039e-12 2.84704865783033e-12 2.88987206716875e-12 2.92911190028534e-12 2.96463877427056e-12 2.9963375920201e-12 3.0241079382081e-12 3.04786437875388e-12 3.06753666722841e-12 3.08306986245902e-12 3.09442436222732e-12 3.10157585841017e-12 3.10451521918943e-12 3.10324830405917e-12 3.09779571730105e-12 3.08819250539609e-12 3.0744878035139e-12 3.05674443579224e-12 3.03503847361584e-12 3.00945875555046e-12 2.98010637201404e-12 2.94709411719757e-12 2.91054591021053e-12 2.87059618694114e-12 2.82738926371274e-12 2.78107867349906e-12
