file3.asc
NCOLS 282 
NROWS 201 
XLLCORNER 210603.385252414 
YLLCORNER 295450.363936035 
CELLSIZE 500 
NODATA_value -9999 
[rows 40 to 59 of 201, columns 180 to 224 of 282]
0.573140089579808 0.575443655184301 0.579615125088148 0.585746026191136 0.593899041062795 0.604171664573058 0.616636012553729 0.63136086312467 0.648385910925246 0.667746042536085 0.689437798035971 0.71339456392699 0.739503598740667 0.767533780856166 0.79720097985706 0.82804876151675 0.859562754076238 0.890914693191162 0.921291232378023 0.949787622285407 0.975434604811769 0.997270661441569 1.01449256466916 1.02649679328986 1.03294398209876 1.03380641886344 1.02935855387202 1.020129632562 1.00684538555907 0.990333958192219 0.971483923395315 0.951136532795733 0.930052941898725 0.908880645229766 0.888138991789423 0.86826094968329 0.849506847817028 0.832056403888716 0.81606303616646 0.801580153098972 0.788634597467028 0.777163444225237 0.76716063352803 0.758581429963317 0.751350711400132
0.600114772683856 0.602669496166312 0.607158675691858 0.613679557493439 0.622297740058815 0.633114390383572 0.646203098811095 0.661632074305044 0.679436387058214 0.699644787996739 0.722243426865272 0.747146156300829 0.774217898630042 0.803189669009338 0.833742118859761 0.865366160515111 0.897490432461195 0.929215296684521 0.959666407319355 0.987881584032909 1.01284683996047 1.03357583048898 1.04926890792681 1.05935498472629 1.06355301974241 1.06191313061026 1.05479704726214 1.04282031318668 1.02678489670764 1.00758147439656 0.986140463722454 0.963327699200037 0.939913590731419 0.916542591089919 0.893723310613109 0.871871910815177 0.851231890254721 0.831966355545669 0.814210304981556 0.798002747794872 0.783357126548281 0.770203871693972 0.758528251661996 0.748280505964031 0.739384407189225
0.630348159744569 0.633122398323678 0.637904347873718 0.644797067943483 0.65386890753934 0.665224657546615 0.678939075327693 0.695079392654896 0.713675278610525 0.734748619143736 0.758274332513793 0.784144935049213 0.812201809818845 0.842135117786528 0.873589581530578 0.906001009603589 0.938738838365483 0.970829993581493 1.00133874781563 1.02924557272651 1.05349282524669 1.07307136315381 1.08718759989009 1.09530544489354 1.0972040185996 1.09301200779362 1.08317797135881 1.06840238448761 1.04956163962397 1.02760756296567 1.00351118845714 0.978162704081783 0.952342450525619 0.926693275221757 0.901715107261984 0.877809795783918 0.85520666497423 0.834054828530053 0.814473525855358 0.796489791782623 0.780105966052401 0.765247542266616 0.751892859279686 0.739988401648465 0.729457579529078
0.664029071321889 0.666975020392678 0.672008517900137 0.679238484787993 0.688735808338959 0.700608825315001 0.714933103027433 0.731774488324811 0.75115649276718 0.773093490066669 0.797548516659745 0.824391100483072 0.85343828949366 0.884336677594492 0.916695172968049 0.949892654844025 0.983237774916312 1.01568270960195 1.04623052494148 1.0738046663612 1.09730467081093 1.11569991252684 1.12820410516027 1.13431711103885 1.13387831652393 1.12709412938798 1.11449831373185 1.09687431219323 1.07517112712111 1.05040089601878 1.02357485212849 0.995608301937825 0.967293189321046 0.93927308194067 0.912042009351577 0.885990534358867 0.861336821059378 0.838218796106822 0.816742624419308 0.79692569507188 0.778761324845299 0.762171498656535 0.747128974165685 0.733577318280992 0.721439872258082
0.701336806634947 0.704385518780265 0.709608069568334 0.717119237622067 0.726992194710838 0.739338726683837 0.754234816490631 0.771744553534183 0.791884613331699 0.814661365675306 0.840025606282778 0.867822500368623 0.897844530565689 0.929692463230881 0.962940531129414 0.996909681838707 1.03084695664829 1.06362934167385 1.09419939042889 1.12142390508232 1.14415997663738 1.16135572663136 1.17223171041675 1.17632271771363 1.17352647058911 1.16412448730205 1.14873290718663 1.12821564784306 1.10359264104141 1.0759361961017 1.04629827666289 1.01562117912734 0.984711195828951 0.954215874202271 0.924626868343523 0.896327009171515 0.869526651873151 0.844355494353054 0.820909292176905 0.799197973100501 0.779207647016856 0.760857895304852 0.744116821349036 0.728925466037646 0.715206951201007
0.742429153025786 0.745484684039615 0.750806713172444 0.758515818483246 0.768687172550684 0.7814359121799 0.796838020880691 0.814955541933904 0.835797785599714 0.859362863283432 0.885589380471027 0.914297183376829 0.945254688234918 0.978015218018406 1.01212068977059 1.04683411895017 1.08134100212603 1.11444360394125 1.14502514937026 1.171896112132 1.19387064865284 1.2098743920296 1.21913222403966 1.22121046258819 1.2160609181144 1.204035698781 1.18582925365269 1.16238302211697 1.13478644262988 1.10417269720674 1.07163609026761 1.03814899059465 1.00453593632844 0.971452699353209 0.939392850446749 0.908735577671597 0.879687102741617 0.852371980053199 0.826878171511613 0.803210149536491 0.781348340167485 0.761210678713906 0.742761114150121 0.725938117787129 0.710664025105923
0.787430587939126 0.790363688051666 0.795662404568349 0.803453005320678 0.813812369909817 0.826858911210593 0.842668199638825 0.861300081834682 0.882756203331996 0.907026481433665 0.934037899991315 0.963584578599302 0.995412229118884 1.02902592797831 1.06393898114613 1.09935758340635 1.13440667519578 1.16781526363983 1.19840868582341 1.22494108311246 1.24618209091471 1.26103183136091 1.26871451243688 1.26882192207703 1.26135324179741 1.24672467252422 1.2257037083955 1.19930598510406 1.16868943507852 1.13504977682713 1.09952644705812 1.06312625971683 1.02669709192565 0.99090818630982 0.956260081578713 0.92313291949317 0.891732744698363 0.862182128688922 0.83456375489817 0.80887841926618 0.785102056776585 0.763151341141199 0.742986138096186 0.724541889068316 0.707739197813235
0.836412575632637 0.839053723111266 0.844166454415277 0.851882567778807 0.862280366128997 0.875481508723889 0.891560757722498 0.910575802453856 0.932520630931815 0.957377417846847 0.985062702397269 1.01534513635954 1.04795004976139 1.08233443673694 1.11798810385193 1.15406273109368 1.18962464545047 1.22333200748353 1.25395384523816 1.28018749485911 1.30075512489433 1.31452619988537 1.32071658662619 1.31893459929598 1.30921743416805 1.2920368290062 1.26822683235902 1.23887362595381 1.20520302430534 1.16847596356749 1.12988102532076 1.09046515322151 1.05110585996587 1.01249209944744 0.975137165229513 0.939427221900955 0.905572329066727 0.873696262926762 0.843878799323395 0.816118573035825 0.790387869113854 0.766602105852056 0.744716726300894 0.724663302506735 0.706359436868465
0.889380137523484 0.891512791555302 0.896230775756922 0.903671210064306 0.913913564873383 0.927082776535006 0.943252427539421 0.962478316450246 0.98474714392321 1.01003421265113 1.03824744147919 1.06913100326723 1.1023931386034 1.13744397254061 1.173756260277 1.21043065336659 1.24647768982822 1.28048797693732 1.31117577128659 1.33718051749529 1.35717243885924 1.3699829945502 1.37480925055987 1.37126418316024 1.35941099361944 1.33976634657361 1.31322314863542 1.28093413696918 1.24419283834879 1.20432908348408 1.16258581466294 1.12005707442378 1.07765747391302 1.03610286889793 0.995925778304176 0.957523877039954 0.921115610973468 0.886829126011094 0.854743481389103 0.824856381353968 0.797136950300194 0.771498997769669 0.747892837538509 0.726245014197805 0.706468609625834
0.946249758248316 0.947604591853053 0.951668012466122 0.958582190421064 0.968427537154505 0.981332349811015 0.99736866231933 1.01659088222761 1.03897917280084 1.06450323093146 1.0930647947619 1.12438527151936 1.15815998043084 1.19375444591316 1.23063195989264 1.26784669136698 1.30435698944272 1.33868998009894 1.36950649073802 1.39538633479305 1.41494179969491 1.42695683315918 1.43059656038005 1.42546392823428 1.41163357886463 1.38965447689141 1.36046947249555 1.32529347780935 1.28548791931597 1.24245608835366 1.19750161277294 1.15177379349116 1.10623288168651 1.06162969698325 1.01852306519329 0.977328015478707 0.938275877183267 0.901502271870065 0.867087538650812 0.835029402586371 0.805293994335462 0.777792851171406 0.752470155616578 0.729246033708784 0.708027369887405
1.00683446532172 1.00708535053174 1.01018039914905 1.01626645191403 1.02542462626423 1.0377866619202 1.05342260452819 1.07238614798143 1.0946519905055 1.12018576942939 1.14888596016572 1.18045352829642 1.2145756918296 1.25057658634568 1.28791841402558 1.32561428188803 1.36257456442064 1.39726766894525 1.42830207720701 1.45419573218536 1.47349574924132 1.48492725897628 1.48760803609903 1.48111385406806 1.46551390977333 1.44137495209281 1.40967961235996 1.37170006081235 1.32886594558028 1.28265920790694 1.23445134991376 1.18545605126305 1.13668862566126 1.08894362881053 1.04281375760074 0.99873750191595 0.956963633683765 0.917638266699133 0.880844824986495 0.846581757767516 0.814812105102418 0.78544423711052 0.758415004788252 0.733636596528324 0.711007971042676
1.07083176952782 1.06959510459568 1.0713546905279 1.07626146454873 1.08439692353456 1.09589622684387 1.11082680275159 1.12924237864036 1.15111346297266 1.17640327910984 1.2050102054303 1.23661752083311 1.27090947964126 1.30717279736577 1.34487727535884 1.38300096812937 1.42041089179436 1.45552202494605 1.48689128873972 1.51297220203739 1.53223857900172 1.54334409301925 1.54534202516419 1.53776184382242 1.52064847254522 1.49457021834666 1.46053809994386 1.41987596926242 1.37408194136211 1.32472215539284 1.27324380055939 1.22093478989167 1.16887560972943 1.11791387997386 1.06868409705522 1.02165450053944 0.977095877914204 0.93516775119038 0.895958265803332 0.859467099902881 0.825653915491293 0.794422877628586 0.765702207070462 0.739394608243091 0.715389429590744
1.13781654606652 1.13465456132804 1.13466307637663 1.1379961901391 1.14473518696672 1.15501832080939 1.16890937557411 1.18646271977507 1.20764591736132 1.23242122733474 1.26069000913227 1.29212071749139 1.32639967213619 1.36278060930748 1.40074939456616 1.43925533240783 1.4771269470954 1.51273157703919 1.54457526367651 1.57104474487805 1.59053226595044 1.60160696517198 1.60323970671392 1.5948933579237 1.57656836375639 1.54881691576524 1.51266573633543 1.46948380538028 1.42083739961998 1.36838219255169 1.31364897272213 1.25800999916926 1.202621338955 1.14839326763134 1.09601017149052 1.04597639234662 0.998589270110182 0.95402456172928 0.912376661650332 0.873646876544477 0.837791129397707 0.804708327468988 0.774316796356841 0.746508308194195 0.721161072227996
1.20724633876029 1.20167584835523 1.19947934308483 1.20081255034259 1.20575543787579 1.21444846648401 1.22695009702621 1.24331554987046 1.26351037541221 1.28749679783261 1.31518177294079 1.34622157640833 1.3803090577087 1.41666955951727 1.45481272534477 1.49366540714353 1.53202260937093 1.56821027062812 1.60068436313064 1.62776321980463 1.64774991772774 1.65911651645043 1.66073380418022 1.65197752192166 1.63278273484889 1.60366675271408 1.56565803303898 1.52016286491031 1.46881434933946 1.41336222163892 1.35542832380537 1.29647912357349 1.23775656190811 1.18024312232615 1.12468113442016 1.07161735464288 1.0213801460363 0.974164274886199 0.930071884913054 0.889106316458023 0.851219446501364 0.816303987244893 0.784267265071751 0.754988882743591 0.728334631874513
1.27847815478063 1.26998494690145 1.26510656352479 1.26399792126368 1.26673574059725 1.27346092764648 1.28422400985137 1.29908058805181 1.31799449636261 1.34092799903061 1.36779544071481 1.39824303517782 1.43197361816867 1.46818856807057 1.50642779186004 1.54560171330703 1.58447678317792 1.62134420308828 1.65461110862585 1.68252711035226 1.70330005716614 1.71529398000079 1.71726337373592 1.70847718152081 1.68878432414113 1.65864785626065 1.61908280617128 1.57152342622553 1.51766676346505 1.45935966582285 1.39832138789318 1.3361216270768 1.27409790135578 1.21331407228714 1.15457821335742 1.09848566434394 1.04540020418217 0.995538381953374 0.949011666027719 0.905825967080401 0.865928998290657 0.829206586746851 0.795554235658474 0.764838452360552 0.736911660648425
1.35079700238535 1.33885559175332 1.33081564220603 1.32682757777822 1.32696177995208 1.33135665919605 1.34005102143781 1.35309944766433 1.37046346713129 1.39210434945294 1.41794449228427 1.44762136616759 1.48084997912907 1.5168117602127 1.55508182339602 1.5945597238505 1.63398826743478 1.67163099860168 1.70584819127937 1.73482227013539 1.75666217148772 1.76961558207047 1.77230710323996 1.76388119233154 1.74408089555537 1.71329558848759 1.67251064487426 1.62317714948239 1.56705112683658 1.50607737102124 1.44207708948986 1.37673072328116 1.31147994527451 1.24747840663094 1.18560724760593 1.12651632266354 1.07060914438395 1.01812689916839 0.969192150834265 0.923814189714183 0.881936780257139 0.843438553833176 0.808202762110359 0.776082293912459 0.746915651088311
1.42346495635869 1.4075616900477 1.39590008934963 1.38862086975556 1.38578354142097 1.38751967490039 1.39385124699972 1.40482934458787 1.42041153425739 1.44055583510068 1.46519209979328 1.4939494606609 1.52655585867938 1.56217619284538 1.60042404250039 1.64019306062012 1.68020721419253 1.71870982980459 1.75401727034883 1.78424852507804 1.80741293665559 1.821637006097 1.82540547966308 1.81772369048032 1.79821104023398 1.76716441724989 1.72552254473834 1.6747403287156 1.61662530351106 1.55321819066216 1.486444222542 1.41809997231366 1.34973822232087 1.28260971875345 1.21767531336227 1.1556449935252 1.09696626690779 1.04190797320629 0.990605851897146 0.943073779327073 0.899252237350473 0.859012832494763 0.822226612003835 0.788732781704978 0.758355795941113
1.49576945119549 1.47542777107517 1.45972747198593 1.4487926489617 1.44266582464818 1.44146591243363 1.44519165283211 1.45388710236332 1.46750312551775 1.48599105368928 1.50928636013631 1.53700934148886 1.56890020591061 1.6041100970979 1.64229260282947 1.68233978312153 1.72296141005274 1.7623882661257 1.79889683376873 1.83054879300984 1.85525658473233 1.87102475089655 1.87619267669491 1.86961594186493 1.85077541741487 1.81985807398781 1.77773866282522 1.72586109329392 1.66607417951134 1.60050917088857 1.53119433593704 1.46004505055717 1.38873004424986 1.31860300370595 1.25071024821444 1.18582711527497 1.1244493161303 1.0668765847305 1.01326031837909 0.963620683337695 0.917896088953233 0.875951844252893 0.837647372712655 0.802808625076768 0.771246326843674
1.56705453867035 1.54185662576285 1.52176226870124 1.50687036920652 1.49719880911253 1.49284667027532 1.49378194792934 1.50003723588031 1.51155302182826 1.52826951965186 1.55012495388279 1.57672954240325 1.60783390756428 1.64257757636695 1.68065420187159 1.72095800103871 1.76218910695944 1.80257367220088 1.8403535605498 1.87354175072898 1.89996007517341 1.91749478703028 1.92433938673812 1.91919373913762 1.90138882360333 1.87098617445569 1.82877920488843 1.77618417088916 1.71507785199346 1.64767269291746 1.57609535984953 1.50237942056959 1.42831182687331 1.35535329847993 1.28464034534423 1.21701844660341 1.1530357329142 1.09302640653172 1.03716053062512 0.985466883918877 0.937883661115031 0.894271240862607 0.854478587895712 0.818319352589255 0.785591306972303
1.63685878837907 1.60646699449708 1.581702942274 1.56263046109912 1.54923394353423 1.54158450384493 1.53961120209401 1.54333023717512 1.55266739714481 1.56754678935344 1.58790576090332 1.61334260795565 1.64361559179758 1.67785402788294 1.71579041716492 1.75632409139224 1.79814964005918 1.83949611995059 1.87857670160648 1.91336601920119 1.94160449195747 1.96106771234366 1.9698076129456 1.96636737062151 1.94992094741527 1.92039184999162 1.87847584969879 1.8255440506773 1.76348555114397 1.69458117033317 1.62104786524585 1.54503349186453 1.46844282088901 1.39284579050409 1.31947264457785 1.2492432470396 1.18276227224456 1.12040221917323 1.06235528187669 1.00866172760232 0.959261975815323 0.914013409197738 0.872756215369747 0.83529314913154 0.801410185957603
